125.064
239.816
257.461
320.005
384.648
412.405
473.642
551.846
555.2
606.392
658.528
676.899
847.902
852.074
889.714
862.792
972.863
1063.76
1007.61
987.738
1066.84
1112.8
1079.31
1307.54
1175.81
1286.5
1294.16
1288.97
1256.92
1335.25
1340.33
1301.85
1318.52
1309.88
1352.03
1484.63
1626.31
1432.92
1447.99
1382.87
1459.68
1603.76
1564.12
1556.89
1629.2
1595.27
1634.56
1647.77
1643.95
1642.42
1877.25
1571.52
1872.66
1800.17
1866.13
1950.85
1835.42
2343.63
2228.49
2097.92
1896.87
2093.48
1827.46
2066.67
2387.49
1911.04
2000.11
2311.61
2166.31
2274.9
2107.79
2450.02
2174.3
2156.35
2172.05
2740.16
2438.58
2337.94
2306.37
2214.63
2301.69
2453.32
2491.3
2653.12
2465.62
2137.42
2322.28
2676.82
2521.47
2528.04
2402.43
2559.1
2760.54
2689.69
3045.7
2752.63
2659
2845.66
2945.83
2700.49
2834.16
2534.35
2674.82
2523.17
2569.5
2779.05
3237.93
3417.75
2548.65
2935.13
2790.2
2905.02
2895.88
3097.55
2849.04
3165.58
2767.97
3110.59
3038.69
2957.24
3207.75
3213.6
3095.84
3313.8
2931.61
3313.9
3443.9
3390.66
3384.07
3223.55
2894.83
3284.57
2993.34
3098.16
3356.76
3104.17
3167.76
3101.46
3365.85
3621.33
3300.94
3497.89
3362.23
2947.03
3736.28
3690.18
3554.47
3218.18
3852.11
3024.74
3306.96
3149.95
3709.48
3624.23
3641.19
3527.77
3709.16
3344.84
2913.03
3996.41
3547.29
3426
3503.12
3419.23
3877.68
3477.99
3795.71
3388.82
3638.2
3653.83
3407.74
3733.54
3383.71
3759.42
3844.32
3414.8
3726.36
3621.58
3361.04
3643.58
4035.05
3090.63
4225.13
3800.17
3249.47
3660.8
4014.73
3466.87
3402.34
3644.89
3406.5
3413.89
3924.68
4047.25
4022.18
3205.69
3926.32
3273.04
4470.02
3684.31
3752.45
3694.62
3625.28
4178.51
3758.78
4616.02
3944.33
4048.91
3686.3
3527.32
4042.06
4011.77
3723.07
3645.27
3728.43
3477.17
3744.3
4279.08
3733.05
3498.53
4155.81
3578.81
3712.18
3754.89
3431.97
3655.02
4433.81
4082.64
3583.85
3839.11
3977.31
4273.26
3849.93
4204.51
4080.02
4009.67
4000.87
3963.2
4472.83
3229.41
3896.98
3448.61
4325.93
3981.38
3858.77
3826.75
4009.54
4516.21
3834.1
4931.2
4279.19
3748.28
4470.37
3922.8
4129.4
3796.45
3407.01
3732.08
4440.08
4118.86
4008.24
3886.12
4203.13
3750.13
4054.19
4438.8
4515.33
4058.21
3846.09
3907.07
4097.81
3925.17
3988.38
4381.15
3698.13
4859.24
4871.72
4096.55
4746.95
4782.95
5020.63
5127.78
4973.7
4901.68
4009.63
4380.56
4188.63
4992.44
4266.83
5654.38
5147.92
4479.34
5031.93
4082.05
4427.18
4549.85
4957.43
4377.5
4528.03
5054.78
4386.23
4829.96
4513.17
4345.28
5427.09
4932.17
4471.68
3639.92
4233.93
3673.95
3980.38
4449.17
4230.12
5156.3
4953.14
4809.83
4337.11
4265.49
4370.56
4134.79
3959.21
3554
4150.13
5298.42
4310.5
3927.96
4527.99
4139.16
4573.19
4472.71
4842.34
4542.58
4244.65
4498.26
4655.56
4728
5295.76
4643.59
4101.4
5158.86
4276.26
4548.03
5015.28
5538.48
5036.12
4767.68
4424.36
3799.63
4367.3
4707.67
4860.04
5023.16
4697.61
4855.17
4506.89
4463.55
5498.86
4080.92
4589.23
4434.14
4352.63
5113.37
4123.09
4495.89
4696.95
4272.39
3906.88
5187.18
5133.89
4295.86
4753.78
5092.17
5260.61
4531.41
4369.44
4878.88
4463.39
4515.67
5872.45
5044.72
4507.07
5711.29
4654.07
5373.01
5131.18
5076.03
5099.8
4934.78
5672.28
4761.72
5180.33
4993.19
5043.72
6015.01
5150.24
4222.98
5115.5
5242.39
5169.52
4926.55
5948.06
4758.74
4717.54
4986.52
6261.73
5587.51
4234.17
4845.62
4618.53
4462.81
5078.35
5668.92
4331.77
5318.94
5277.39
5312.01
4407.53
5049.3
4584.08
5349.16
4587.47
4926.92
5731.61
5663.63
5031.67
5159.86
5042.2
5202.51
4828.44
5504.25
5592.31
4779.55
5261.09
4996.78
5443.07
5458.66
5720.47
5486.07
4776.74
4920
4287.73
5782.42
5036.78
5327.32
5107.89
5563.06
5176.32
4333.57
4228.22
5579.6
4107.34
5042.28
4574.57
4602.86
5669.53
4491.24
6240.66
6193.43
3791.23
4872.89
4752.26
4846.27
4650.63
4076.8
4597.61
4642.24
4855.17
4911.55
5317.77
4699.9
5168.41
5104.5
5645.13
4918.02
4488.2
5113.52
4266.2
4411.24
5623.59
4753.59
6086.23
5909.85
4809.8
5865.27
5850.53
4673.79
4262.03
4403.85
3962.44
3943.55
5580.3
5426.11
5010.83
5235.17
5671.31
4386.9
5028.22
5624.91
4739.15
5470.77
4866.2
5183.99
5250.84
4716.73
5680.53
5465.98
5604.07
5126.34
4709.84
5430.59
4964.43
5742.18
4923.64
3736.53
4994.66
4811.32
4865.23
4987.06
5023.35
4704.5
5744.72
5719.11
5434.31
5757.95
5216.02
5655.09
5714.28
4982.13
5773.02
6589.76
5580.74
5766.53
5743.42
5106.31
4955.3
4567.37
4468.9
4801.03
5977.77
4649.46
4873.02
5297.63
5703.96
5916.54
5182.86
4735.33
6345.02
5203.32
6262.59
5390.64
5120.61
4795.13
6654.56
4619.32
5038
5325.32
5613.58
4916.88
4320.7
5759.51
6262.61
6063.65
6396.94
5603.09
6442.78
5630.94
5544.89
4998.71
5078.6
6018.14
5928.08
5798.49
5429.57
5274.22
5928.34
5209.31
6903.85
5661.52
4635.71
5030.54
5396.61
5923.11
5595.1
5483.14
5524.17
5609.66
5219.91
5456.18
5313.7
4979.65
5945.4
6001.89
5553.8
5428.23
4680.56
6006.77
5638.98
5427.5
6588.83
5670.25
6087.31
6185.42
6299.02
6334.56
4898.05
5030.33
5273.94
5046.77
5625.08
5705.27
5798.12
5720.24
5914.09
5043.65
5775.27
6330.75
5769.82
6155.34
5715.37
5632.91
6268.19
4473.18
5249.81
5483.06
5675.76
5081.09
4592.36
5776.28
4437.3
5171.87
6815.09
5147.71
5932.99
4948.04
4060
4722.39
6192.4
5295.28
6132.14
5594.12
5136.31
6011.6
5760.04
7135.72
5459.38
7104.7
5868.58
5935.79
5296.75
6736.53
6084.19
5822.22
4968.43
6177.21
5677.1
5329.01
5351.79
4760.06
6198.59
5578.7
5686.16
5148.56
5360.52
4850.29
5093.19
5743.33
6553.92
6165.1
5689.32
5718.13
5021.19
5463.44
6244.78
5502.32
4979.85
7110.94
6261.93
5374.26
5503.28
6913.22
5848.52
5974.32
5705.38
7044.76
5124.16
6306.81
5830.33
5312.23
5702.37
5250.96
5967
5874.96
5282.24
6130.84
5370.47
4984.4
5481.53
5651.6
4934.91
5925.55
5334.88
4956.09
6365.91
6006.09
5110.09
5500.84
5827.44
6139.43
4667.6
6031.82
5088.43
5367.57
5514.01
5377.59
5490.8
6028.93
4943.76
6016.07
5971
5461.3
5817.43
5612.2
7274.44
7075.23
6429.76
6000.05
5500.98
4734.18
6531.07
6271.34
6231.63
4849.58
5751.45
5228.36
5010.66
6269.35
6652.38
5129.75
5422.63
6266.47
6382.38
6131.67
7079.66
4788.1
5980.24
6873.05
5258.81
6781.39
6461.34
6961.03
5288.78
7278.96
6307.17
5229.28
4597.62
6812.25
5974.5
5995.96
5666.65
6445.2
6199.17
5436.08
4597.25
4903.39
6244.49
4756.62
6875.63
6638.23
5768.28
6215.3
6520.57
5177.74
5485.41
4912.84
4858.58
5980.65
6720.34
5758.04
6119.08
5825.85
5415.16
5250.88
6224.79
5683.34
6157.98
6567.35
7962.61
5399.43
5791.36
7055.09
6126.93
6745.56
5425.71
6127.48
4919.07
5836.58
6887.22
5505.73
6099.38
6945.01
7130.22
5686.38
6787.03
6958.69
5737.09
4983.76
5927.12
6702.52
5782.99
5898.34
5444.54
6254.4
4782.46
6036.24
5480.19
6450.89
5507.16
5490.83
5592.33
5649.86
5835.74
6858.89
5802.19
5468.11
5323.48
7103.28
6360.98
5974.43
5946.22
5682.34
7197.79
5952.95
6799.02
7184.48
5135.69
4975.69
7565.71
6205.37
6948.53
6218.93
7579.31
8055.33
5935.9
5406.04
6871.17
5634.98
8459
6468.51
6344.82
5503.24
5544.14
5909.15
7459.27
6373.81
5336.79
4804.22
5884.83
7018.74
6472.32
7163.31
5841.4
6489.91
5188.48
6389.13
6759.6
6209.15
7284.9
7446.59
7084.47
5612.21
6552.52
6967.39
5886.26
5809.67
5774.47
6274.19
5710.28
7180.26
5864.17
5430.08
6361.21
5554.34
6983.39
5593.09
5944.74
6007.47
6804.07
6282.93
5653.1
5649.84
5171.42
6813.01
6590.37
5346.43
6428.69
5304.87
6845.81
5775.22
6251.97
6155.38
5879.6
6803.3
6242.58
4761.8
7511.71
6169.64
5495.15
5992.94
4472.81
8047.6
5218.68
6287.9
5393.62
5235.49
6121.76
7546.47
6605.02
6580.56
6643.59
7753.62
7322.25
6564.08
5281.63
6498.57
4654.73
5736.42
6726.95
6170.19
6980.3
5676.99
6811.64
6559.84
6779.2
6734.69
6732.98
9483.61
6288.07
5813.36
7207.55
5999.23
5542.97
6095.29
7471.25
6423.88
7581.22
6273.1
7096.18
7160.22
5599.2
5677.28
6848.92
5035.17
5653.94
5359.99
6169.89
6891.23
6419.9
6860.72
6444.13
6329.97
5835.98
6166.68
6019.41
7525.33
5874.67
6604.28
6790.61
7782.98
7788.62
6562.36
7626.97
5798.02
5612.28
6103.89
8836.92
5556.23
6652.82
6125.61
6168.69
5777.55
6739.01
7898.62
6851.44
5963.09
7767.57
5791.9
7250.54
4794.19
6528.18
6080.06
8417.75
8084.35
8358.15
7175.98
8807.66
9882.27
8337.21
7129.64
6365.5
6304.85
6934.46
7660.57
6336.97
7295.77
6433.11
6527.08
6561.49
7961.45
8443.32
6719.78
8304.52
7562.32
5302.98
5981.51
7088.53
6150.24
7427.28
7765.06
6884.25
6290.45
6890.36
5542.67
5321.71
6534.96
8329.89
5564.89
6717.24
5286.08
5497.53
6716.58
5025.26
6032.69
6627.56
7638.73
7011.01
5593.88
7340.75
5400.56
7373.14
7065.24
6342.92
5843.84
5538.98
8393.01
7317.16
7648.47
6264.85
5358.91
6723.15
7217.64
6035.55
7053.52
7325.05
6191.07
5892.59
6662.42
6365.38
8318.24
5881.48
6218.01
6091.95
5494.23
6061.86
7382.59
5789.29
6745.1
6505.91
7405.9
7619.67
6858.11
6157.14
7114.08
7870.64
8211.77
5761.59
7861.14
6536.04
6458.36
6537.35
5833.5
6107.13
7054.39
6727.52
5971.96
6606.05
4602.51
6995.68
6500.32
7848.65
7085.3
5724.43
7892.47
6446.43
6253.51
8008.6
6904.38
6082.18
6731.66
7731.99
7055.01
5218.33
7458.83
6588.66
6510.17
6758.83
6128.42
6995.38
7610.5
6277.39
7864.87
7244.12
5477.91
6018.36
5958.15
7199.74
8273.18
9335.28
9147.06
9282.36
7291.9
6257.05
6641.78
7651.96
7649.42
8600.26
6127.2
5582.33
5837.56
6733.96
7145.62
7835.68
6306.03
5531.63
6366.72
6104.44
6604.4
6794.94
7374.81
7698.62
7721.17
5885.32
7813.41
8200.57
6030.11
8497.42
7849.21
6728.13
6762.6
7316.24
6738.18
5893.1
7914.94
6670.96
8760.55
7675.19
8399.66
9585.22
9420.1
7147.17
7395.8
7002.71
9034.69
7068.18
8343.18
7147.82
6354.54
7314.24
6013.11
6858.51
6954.61
6762.02
5910.84
6668.22
8472.65
8556.08
7100.43
7457.51
7114.12
8309.25
8225.9
7913.53
5662.04
5124.07
9275.31
7224.96
6919.57
7640.58
6846.96
7502.35
4761.43
6468.35
7259.4
7143.15
6155.33
6324.78
7766.86
4472.11
7955.25
7547.78
6537.88
7482.47
6262.47
7968.24
7856.91
5964.52
8502.59
6626.72
6622.96
7233.98
7727.43
7670.09
7161.92
7605.03
9631.53
5531.98
7174.09
6827.12
8202.71
8096.83
5522.66
6295.28
6867.44
6462.67
6528.19
6471.87
7809.16
7560.94
6771.63
6320.07
8861.16
8406.91
8254.14
8342.8
6838.82
7676.6
6109.92
9074
7146.9
8804.61
6489.52
6080.76
7973.23
8009.98
5557.93
6812.1
7804.15
6989.52
7451.11
7563.9
8257.38
7539.52
9155.39
7503.56
6771.16
9048.41
7510.87
7417.87
7599.92
7857.54
7609.49
8279.53
6840.57
8638.87
7674.86
7101.52
8747.91
7092.5
8162.81
6454.34
7288.68
6740.81
7972.06
6675.11
8694.46
5825.3
8410.94
8463.03
7244.84
6832.76
6708.18
6695
6638.97
5927.69
5748.91
9811.19
6577.63
7473.78
8410.85
6892.5
6405.48
7351.55
6975.09
7727.37
6876.86
7892.93
6703.05
8117.7
6546.89
6146.92
7102.68
5318.19
5914.98
7707.16
6580.31
6771.14
7364.71
6120.58
5092.88
6285.37
6496.53
8099.04
6791.52
7889.56
7453.03
10320.7
7769.26
7089.61
7518
6606.52
5763.44
8259.13
7896.26
7287.56
7804.05
7343.64
6235.31
6814.54
6803.65
8021.07
7953.29
6210.4
7374.4
5333.17
6532.42
7931.82
8022.47
8199.16
6719.26
7463.74
8655.83
6552.06
7276
7992.13
7570.12
7317.98
7660.63
7778.67
5525.08
6304.08
6423.4
6767.08
6765.21
6879.52
7435.59
6833.02
8982.86
9561.34
8657.36
6257.44
7613.9
7799.75
11599
9155.56
7796.53
8289.79
8213.93
6550.6
6786.53
9887.67
7890.36
7926.39
6586.9
7098.15
7101.06
5699.69
7724.78
5767.95
6200.02
7016.47
8080.1
7398.74
8121.39
6816.79
7241.05
8423.36
6852.59
6489.17
7027.52
6778.78
9013.71
7202.71
6167.17
6704.32
8308.07
7809.4
8815.43
9597.89
7246.16
6611.44
7804.65
8091.44
7573.6
7278.6
7245.76
7048.39
8047.87
6980.61
6787.91
7461.38
7319.95
7199.95
6478.98
8182.67
7470.08
6967.15
7403.23
7076.73
7953.92
6655.44
6512.24
6182.25
7153.36
8114.58
8214.28
9966.38
7693.78
5557.98
9341.27
5730.37
6071.62
9579.46
6998.08
8272.27
11095.5
7404.83
8705.21
7437.4
6952.73
6046.69
7489.71
6228
8218.26
7667.45
7838.23
7127.93
9736.34
8110.1
9884.84
8176.07
7316.97
8652.39
8856.85
6756.78
6401.78
6720.06
8035.56
8536.12
6600.37
8117.8
8036.19
7358.74
10511.8
7713.35
8990.84
6921.08
6757.35
6218.4
7100.82
8396.88
8469.42
8275.8
7513.35
7337.05
7869.01
9473.19
8255.45
7228.71
6762.4
8141.55
8080.97
7590.53
8419.42
7952.12
7513.41
7463.78
6023.5
7521.27
7777.46
8131.17
7039.82
8153.62
7783.91
7947.2
7544.15
7580.33
9356.54
9912.67
9740.3
9373.96
7842.86
8725.14
8447.32
7963.03
9786.2
8623.56
9759
6050.02
6702.64
6787.23
7006.34
9916.27
8113.66
5745.12
8290.27
9977.2
7528.4
8330.1
7861.82
5304.43
8132.58
6597.85
7369.79
8236.13
9694.85
9221.21
7863.2
7567.7
6899.04
7844.44
10068
7770.83
9045.83
10519.5
8459.6
8114.8
6958.32
6655.69
7628.33
8347.99
11151.3
8543.04
7335.61
7529.01
5986.36
6859.38
7785.86
8736.95
7797.6
7053.28
8037.47
7628.24
8553.54
9060.09
8779.55
8413.62
10562.5
8204.14
9752.61
8563
8818.72
6598.3
8240.12
5301.86
8588.86
4397.9
7831.82
8744.01
8248.82
6244.58
7948.24
8140.19
6268.35
9617.03
8138.4
7946.07
8971.26
8081.1
7347.87
8105.66
10096.4
7307.15
10586.7
6884.41
8664.84
8698.26
8884.01
7447.55
7640.94
6437.22
7627.35
8000.41
10391.9
7916.74
7065.62
7980.14
8613.14
9463.44
7142.26
8538.67
6294.43
6898.59
9534.26
7452.26
6467.54
9063.34
8051.28
6619.3
8643.65
6675.61
9617.09
7633.27
8300.94
9444.78
5721.1
8803.41
7424.49
7450.82
7875.62
7809.23
8538.02
9814.48
6818.97
8432.79
7549.12
6770.5
6203.74
6844.3
5534.67
7404.61
7315.31
7746.11
8627.97
7050.54
6978.94
7920.04
8335.76
9561.56
7230.06
7222.93
8231.44
7643.15
7666.53
8492.26
6977.89
8514.63
8185.35
9320.28
8539.96
7034.12
8322.54
7268.95
8822.81
7634.78
8755.35
8775.58
10192.3
7676.87
8716.75
8495.55
7498.37
8002.96
8525.87
8379.72
9544.46
8493.78
7146.64
6818.82
8512.38
6684.47
8299.41
8383.07
6294.56
9484.43
9489.44
7566.58
6271.98
8222.97
8240.79
8577.22
9254.71
8805.9
8512.47
6495.61
7547.69
8438.51
8691
9621.51
8720.65
7868.56
6183.34
7885.09
7644.63
8730.24
10379.3
9917.21
7283.75
8411.25
10488.2
8233.55
7337.7
7554.85
7457.01
7919.5
7792.28
10315.7
11284.9
7662.78
7801.35
8750.59
8833
7446.12
7639.05
7251.54
9070.03
9671.34
8545.79
8279.91
7213.85
6950.81
9360.55
7399.95
9217.85
10684.2
8864.99
7207.01
8329.15
6651.71
10290.6
9393.61
9747.58
7366.41
9791.47
7176.49
6739.51
7132.97
8028.58
8844.31
6387.97
9290.03
8066.11
9811.06
6674.37
8425
8150
6978.86
8044.21
8566.61
7013.65
9799.79
8085.06
9180.01
7987.28
8485.91
8564.57
9050.74
7497.55
8401.58
8400.5
8561.5
8369.37
10613.6
9581.54
7261.66
9034.65
9863.15
8117.25
8370.74
6959.42
9518.52
9044.78
6486.37
8854.77
7296.39
8167.9
9501.25
8835.52
10653.7
7910.56
7911.26
8479.13
7729.75
8241.28
8511.14
8326.44
8331.52
6666.15
7697.47
8675.13
9266.1
9628.85
6767.5
6237.73
8270.88
8147.36
9250.47
7745.8
6987.39
8759.7
7184.44
9527.82
6540.43
8824.45
5887.69
8994.62
8661.93
8209.77
7268.38
7132.79
7588.9
7675.97
8921.72
9806.67
7825.55
9074.97
7125.09
8657.02
8078.31
7612.8
10330.5
8631.54
8381.24
7938.83
9084.23
8414.43
8775.8
8488.82
6952.02
6910.31
9336.85
7247.49
8573.18
7784.35
9805.19
6186.69
6347.34
9261.29
7834.75
9581.97
8959.89
8989.31
8788.96
9019.18
7219.3
8203.85
8849.87
7507.83
8322.91
11520.2
9728.25
7169.33
8725.47
9212.47
6812.71
10062.4
9104.68
7825.52
7710.01
9697.85
8924.91
7023.79
7525.36
7657.6
8135.86
6079.19
7456.43
9157.83
8241.68
8133.13
7902.19
9890.05
8089.07
7654.08
8635.73
6515.95
9590.47
10630.4
9516.66
7813.72
9592.62
9073.14
7246.24
8815.44
6741.98
8350.07
7658.04
7446.13
8878.88
9386
9646.57
7358.27
10975
7947.38
11496.8
8060
8340.11
11917.1
8240.9
7594.51
8186.18
6752.83
9487.72
8893.68
11141.7
7902.3
8624.77
6597.25
8931.72
6587.61
9796.43
9519.54
11349.5
12182.8
8772.98
9119.22
10902.4
11571.2
13326.3
9507.77
7113.08
7609.14
7214.66
7009.66
8043.14
9670.45
10061.3
8597.84
8028.14
8334.26
9115.19
9948.57
8318.24
6166.88
8443.63
8941.44
6463.56
8844.84
10374.6
9237.39
8572.28
8211.77
11969.1
8001.88
8578.53
9590.05
10915.1
8473.69
9121.82
8197.07
8381
7543.82
9854.07
7405.19
7232.57
9397.44
8037.47
10255.5
10385.7
9723.52
8265.13
8442.99
8545.75
8081.11
8036.52
9033.62
7336.39
7841.14
6973.98
7733.71
8083.57
8260.31
10237.4
7436.74
8909.84
9761.86
8024.11
8257.27
6517.83
9299.67
9290.55
10844.3
8778.46
7289.71
7951.75
9600.82
7907.43
8372.88
8838.05
10395.4
7816.91
7891.45
7600.82
6728.04
9328.69
8499.01
7776.86
8766.35
8329.07
10640.1
8539.1
8855.68
7933.73
6837.19
10015.7
10285
9556.75
7043.5
8453.81
9775.1
8966.26
9954.49
9503.45
8391.36
7766.5
8998.88
9075.84
9039.72
8162.07
8970.67
9692.46
8794.71
9609.64
9442.99
8382.48
8753.87
8557.6
9721.55
5637.38
10040.6
10963.6
5875.95
7752.65
8415.42
8173.87
8736.03
8199.22
10841.9
7848.38
9371.56
9572.72
6332.75
9480.68
9292.68
8461.13
8542.6
7744.84
8387.22
9292.27
6876.6
11198.5
8724.69
8986.76
8999.15
7554.43
7822.08
8431.16
10627.5
10000.5
10217.2
10629.1
8913.93
9255.49
9053.76
9488.28
10155.5
5915.22
9048.09
9756.1
6611.23
8344.1
9677.19
9827.09
6436.62
7928.49
8510.89
10123.3
10632.6
8969.4
7180.34
8656.66
8261.9
10347
9149.01
8125.9
8094.47
8671.63
9095.2
9176.79
8072.3
9783.96
9830.51
7182.36
7852.91
9437.41
8029.46
7663.43
9410.33
10246.4
6979.26
11625.3
8368.02
7619.64
7956.38
9332.63
9676.84
7903.38
7164.49
9608.48
9722.69
8422.92
7245.82
10351.1
7583.19
11184.2
8507.04
7048.61
9115.32
9874.91
8472.42
8799.19
8003.48
8652.49
9561.15
10451.8
9907.23
7054.4
8939.04
9004.55
9254.27
9336
6720.59
9024.79
11314.2
9318.13
9768.58
11875.1
6720.21
8153.76
7850.03
10339.9
10206.6
9252.33
9837.32
8244.56
6724.77
7929.74
8618.02
10227.4
9573.1
8896.36
9272.06
8968.81
9910.99
7891.99
10772.9
7852.14
7603.11
8372.81
9403.66
8876.66
8854.48
7758.89
9530.78
11501.7
9206.11
8311.25
9252.89
7480.01
10259.4
9329.63
8052.09
7182.53
7342
7978.59
7761.25
8949.74
9216.92
7830.58
12374.6
7216.28
7915.3
9526.19
10579.3
9216.11
9159.19
9419.12
8865.78
9590.98
8110.76
8394.31
6710.09
7434.98
7865.32
11775.4
11018.8
6148.06
7534.91
7145.91
8896.86
7617.96
9830.46
9287.22
8481.49
7265.39
7560.77
8851.75
9750.16
11750.4
8466.17
7801.28
8688.56
7944.74
8515.35
9329.68
10111.2
8678.31
11382.4
11216
10472.3
8647.3
7180.75
8861.6
8099.58
6975.14
8151.41
7756.79
11070.1
9063.36
5920.56
11164.7
8889.65
9699.41
9511
9327.13
11715.1
10370.9
7933.53
8854.85
9722.23
10768.8
9225.52
8653.26
8074.65
10068.5
15803.1
8187.67
11625
9430.52
10907.2
10638.5
9333.85
7611.51
9850.82
10331.1
10576.4
9338.93
8758.56
11456.6
10701.2
10049.2
10316.4
11446.4
9696.35
12807.3
10972.3
10225.5
10571
11048.2
13937.9
11348.6
9522.8
10249.2
11858.7
8171.79
10048.9
8024.3
10878.8
6886
8054.4
10998.2
9267.36
9092.11
9428.34
7245.09
9036.55
10755.2
9923.74
10076.6
8181.93
12191.3
7430.37
9711.31
8446.63
10267.9
6074.36
7486.03
9147.43
10238.8
8736.01
9621.04
10051.7
9563.22
8515.22
10461.7
7569.88
7501.41
9756.59
10984.8
8145.62
9165.65
8987.61
9948.96
9320.39
6751.3
10711.8
9927.72
9277.37
10244
12890.8
9819.18
10833.4
10660.4
7871.82
11324
6550.85
8986.39
7682.89
11272
11591.2
8471.29
8965.28
10107.3
8610.23
8567.98
6633.82
9906.25
8498.94
9746.48
9991.3
8595.64
8241.83
9480.42
8246.84
8944.16
9348.37
9072.64
10370.4
8378.6
10628.7
9612.09
10666.7
9862.09
10338.3
10309
10127.8
9235.42
11367.5
8044.97
9389.06
6684.83
9773.19
8909.59
9183.8
7510.33
10956.5
8989.59
8744.98
9257.43
9199.56
9039.14
8625.23
8510.89
8387.39
8897.17
5929.92
8500.12
7627.7
7602.31
8456.63
10082.4
9608.21
10422.3
10117.1
8438.48
8766.89
8965
9672.14
8116.3
6337.5
10450.5
9192.94
8245.54
11201.9
10513.3
10271.2
8466.16
9887.21
8341.59
12958.1
9765.52
8520.21
10920.1
7292.27
8543.89
9537.03
8229.56
10120.9
10807.7
7615.16
12960.9
7576.18
8952.74
10000.9
7613.02
8852.56
9144.15
8658.34
9213.11
13886.9
9261.62
9950.78
11263.2
9812.73
9403.15
9878.65
7458.86
8650.27
7995.9
7402.64
7077.61
7093.22
9891.8
9325.3
9999.45
8861.57
9395.68
9301.68
9846.99
9041.78
7503.4
8305.5
9542.79
12382.9
11020.9
10482.3
9183.47
7910.4
9018.48
8098.25
8546.46
9585.99
8244.19
8006.03
7312.95
10848.4
10103.6
10048.4
15432.2
11050.1
7593.97
8112.19
9068.01
10631.1
9401.63
9771.95
9858.9
9225.4
8552.58
10702.7
9196.91
10592.6
8316.19
8085.5
9063.33
11401.8
8263.57
8611.22
10200.9
8884.21
11127.6
8862.39
8247.6
11333.5
9436.74
8521.1
11584.1
8171.44
9506.96
8834.79
10927.2
8786.57
9419.55
10775.1
8732.32
10608.9
10719.4
12084.4
9737.38
9013.23
10511.8
10242.9
10690
9124.4
9386.29
11991.2
6854.42
8291.21
8550.7
7389.56
6135.74
9624.53
9015.85
6901.42
9548.66
8486.1
7761.52
6963.79
8684.02
10270.5
10071.2
10953.4
11041.4
10018.7
10505.2
8018.06
9523.4
11159.4
9342.02
8277.71
10499.6
8489.76
9948.47
7627.01
11147.3
9722.73
9086.53
10249.1
7957.28
12224.7
8377.31
8544.29
10746.5
10936.6
10520.6
8430.51
8898.05
8493.3
12034.7
8878.07
9423.45
11530
9687.38
8916.16
10704.8
9696.72
10012.9
7856.32
11089.1
6913.93
9822.77
10408.5
11015.4
9842.82
11509.5
8877.07
11259.6
12954.5
11275.5
11070.1
11599.6
9595.51
6087.99
11988
8483.71
7026.81
10023.2
8486.53
9421.15
9984.86
5712.01
8871.63
7443.74
8780.53
11167.5
10995
10150.2
6199.66
12167.8
10029.3
9316.99
8982.2
12114.5
8468.99
9882.15
9691.72
13768.8
7923.77
10601.9
8613.02
7524.95
11394.1
11582.7
8602.56
9861.96
8596.28
11099.4
9102.12
7917.23
8650.85
10679.6
12143.8
9119.08
13156
9665.23
9824.92
9935.04
10751.7
8358.59
10893.2
9802.02
11100.2
12379.6
8604.19
11337.6
10079.4
12242.2
12469.8
11677.2
7690.78
8907.5
9132.87
9483.7
8241.48
11277.9
9024.77
11218.6
10662.6
9661.87
9026.56
7293.26
10663.3
13505.8
12145.4
12190
8875.13
8977.61
10599.7
7766.46
6157.29
8763.48
8004.23
10475.6
9506.36
9311.07
9739.82
11052.5
10919.3
9895.23
10550.4
7702.19
11151.8
10526
11271.9
11011.5
9236.19
10785.8
9621.27
8765.86
9138.14
9189.82
9914.12
9262.4
10829.6
8659.8
9992.58
9373.92
8183.69
9774.26
7633.98
10539.4
11343.9
10634.4
10391.8
11490.6
7381.85
6708.4
7960.79
10112.4
10588.7
8453.24
9012.98
10779.4
7281.89
7256.28
11786
6871.93
12752
10363.5
8824.74
9781.47
10542.7
9510.68
10421.5
10259.9
7982.83
9842.53
8542.82
8239.34
7094.42
11264.9
13014.2
8673.62
13137.5
6975.81
9340.84
11194.1
9493.48
7346.15
9298.95
11402.7
11177.2
11505.4
9933.95
9848.72
10810.7
9924.33
10250.5
10609
10142.5
9076.03
10834.1
9332.76
6917.67
9759.71
8693.46
11291.7
9838.01
11620.2
12575.4
9564.04
9265.66
7650.65
9169.99
9523.83
6627.23
9453
9553.67
10567.6
11505.6
7707.62
9363.45
10651.9
7689.05
12003.8
10625.6
7759.27
13004.6
8752.48
7965.93
8083.19
11991.1
8752.22
7585.54
11549.1
9032.95
12106.8
12623.2
10763.8
8505.5
10601
9254.1
9379.08
11132.1
14458
10005.1
9674.62
9286.53
11415.3
9412.8
11575.8
9059.39
9222.1
9203.68
11215.3
10094.3
9154.59
8163.77
8909.03
9198.36
9563.67
10061.6
10657.7
8158.69
12476.2
7545.67
9106.81
10405.4
8489.16
10402.9
12619.7
8604.13
10018.3
9277.39
8771.42
10135.3
9480.66
12399.2
10315.9
11505.9
9154.4
12217.5
9818.2
9427.67
9778.9
10135.4
9597.64
9348.87
9060.36
10272.2
10665.7
9053.51
10960.4
8781.98
8201.85
10496.7
12082.7
12062.3
9005.16
8682.09
11946.9
10264.4
9262.69
9882.23
7359.01
8720.07
11481.2
10263.9
10035.5
10006
9122.72
11329.8
10295.8
8865.46
9585.01
10313.8
10942.6
12280.4
7942.01
9934.66
11683.7
11845
11028.2
9627.27
8032.8
7254.3
8762.44
12941.5
8961.68
10046.8
9235.89
9547.96
11376.2
10767
8292.66
11453.9
11657
12147
9593.03
10311.8
11756
9994.92
9680.99
10115.5
10014.3
9150.6
10387.3
7086.07
8847.72
10349.4
9843.95
10224.2
9955.86
8308.75
12273
7987.77
10213.7
8954.2
9784.65
10568.3
10653
11260.8
10582.8
13979.9
10429.9
9221.98
8347.26
10027.1
10563.1
9006.88
9426.63
9980.34
10986.7
9447.06
7913.98
9070.65
7107.46
8077.57
8815.73
10676.8
9805.4
10099
9093.89
12521.2
9414.76
9985.21
8196.83
10320.5
10120.9
9188.62
9702.31
10639.1
9141.59
9323.73
11354.3
6557.98
10913.4
8871.13
12173.7
14228.2
12450.9
10526.3
9191.7
9375.93
9869.18
11039.8
10843.2
10302.1
9873.94
9519.3
10688.4
11973.8
10504.6
9619.41
9451.55
10762.9
9392.89
8585.16
10394.5
11404.8
12499.1
12466.7
9380.35
10899.3
8226.53
7627.51
10535.9
10672.9
10630.3
10922.1
10965.7
10390
9276.69
12454.3
8609.75
7805.86
12018.1
8616.31
7677
10255.3
9053.44
9437.32
12108.9
9546.39
9992.33
9300.52
8083.44
9960.7
12213
8459.9
8621.23
9220.22
10128.7
7998.98
10387.6
10883.8
7611.79
6945.52
9601.11
12566.6
9182.79
7699.31
10886.6
10940.1
10115.9
8923.09
8133.69
10378.5
9097.97
13081.7
9778.46
11923.6
8896.94
9041.63
10481.2
12518.2
10168.1
7457.03
8300.26
9855.41
8477.37
12899.1
11407
10958.6
10651.9
13292.7
10522
11025.4
10408.6
9685.33
9207.04
9107.03
9138.71
11153.3
13429
10567.8
10801.3
9124.87
11443
9523.27
8626.21
10750.7
11654.9
12127.9
12272.3
11146.8
10824.1
8885.31
10158.5
11683.6
10660.7
10294.9
12246.6
9643.33
9885.87
8370.5
10842.4
13094.8
11204.5
11206.8
9413.85
12137.2
9351.93
9197.62
9271.65
15364
7043.69
13054.5
11371.3
10117.7
11644.6
10955.5
9366.5
16429.6
12999
7987.33
10227.4
12353.1
8598.8
10304.6
9933.04
10165.2
9674.98
9091.3
7844.29
11842.9
10687.4
11905.1
11467.8
6351.91
10000.6
8523.88
9154.44
9060.28
11260.7
5992.98
13196.2
11721.8
9919.43
9572.11
9749.14
10944.2
10511.9
10537
9892.68
10356.6
10414.7
8599.47
8427.7
8275.73
9802.79
13066.5
8660.84
9402.35
14706.5
11700.1
13830.8
8170.89
10528
11153
13020.7
10259.7
8245.03
10445.4
12518.1
10353.5
11368.4
12961.9
9467.9
11119.6
14051.2
10374.2
9429.01
8736.43
10224.8
10154.8
9304.51
8088.9
11727.8
9653.45
9500.19
10292.4
9371.5
8078.25
11591
6919.66
9871.91
9002.22
7046.13
10104.4
11400.5
10539.4
12169.6
12161.4
11943.7
10125.6
11162.9
9194.72
12248.7
10800.6
11516
12945
9087.85
9947.11
8029.51
10684.7
9441.48
6853.57
11267.9
10215.3
13960.5
10074.6
10287.2
10847
10834.8
10476.3
9686.93
11665.5
13792.2
9080.27
7868.05
5956.36
10030
10297.2
10257.1
9762.84
8280.28
7619.34
9201.14
9262.46
10951.6
12475
9272.42
9722.68
11675.9
7828.74
7448.43
10228.2
8630.44
10232.4
9624.08
10246.8
13423.6
9349.88
9316.3
16046
11827.2
10463.2
10288
9552.85
7888.31
12237.2
9907.77
10242.4
10854.3
8494.06
9492.75
9346.53
10538.2
10216.4
9837.46
7477.74
8804.71
12186.9
9040.42
11541.9
8880.31
11301.9
10132.7
10104.4
7820.09
12079.4
10138.9
7771.11
13525.3
10054.4
11241
10129.8
7709
12950.4
11413.3
11268.4
10616.9
12105.4
10010.5
11400.9
8325.42
12632.9
9520.21
9069.35
9725.46
9705.5
9074.09
12023.9
11555.5
10825.3
10030.4
8864.62
8975.26
10113.3
8963.24
8669.87
10403.6
11015.2
11208.6
9798.27
11170
11275
11445.4
13417.6
7349.1
11088.3
8247.57
9290.51
8444.03
10333.4
11622.1
9158.47
9508.04
9263.22
11501.1
11727.7
8341.59
10808.2
11628.5
14314.4
9776.06
11760.6
11717
10691.8
11998.7
11051.1
9797.3
8938.03
11074.7
11443.5
10740.1
8266.19
9976.44
9769.34
12169.8
12685.1
7611.73
12781.3
10476.4
11047.9
9084.96
9711.39
13188
10956.4
7058.93
9750.05
10950
9866.29
13459.9
14552.4
11239.2
9594.05
12106
9727.7
12150.1
12484.3
8219.09
10088.6
11201
12167.3
12370.1
9685.84
8730.24
9893.73
7283.44
8868.82
11491.9
11927.9
12240.9
8809.99
8276.88
10083.8
11266.5
11175.1
9711.33
7598.17
10102.2
9754.04
9435.91
7644.06
12487.6
9917.78
10063.7
15327.7
9777.4
11390.7
10206.2
9606.74
10822.3
10734.5
11908.1
8277.79
9885.56
8871.64
10003.6
8331.31
11876.9
12456.2
8609.59
12219.3
6530.67
13331.5
11358.2
12028.9
9567.98
9198.76
9275.07
10556.2
8430.21
8839.87
13400.9
8078.16
10359
10410.3
9939.4
11579.4
9030.34
9689.27
12076.9
9221.31
9439.09
12475.9
10708.8
9750.34
7208.24
10969.6
9535.56
9744.12
10556.1
9677.26
11930.9
8724.66
7683.68
12013.7
8373.58
10365
11481.2
8231.13
13232.1
7535.39
10722.5
8438.08
7913.8
10357.3
8451.09
10896.1
8613.88
8975.94
8411.2
15298
10839.5
15486.5
9590.55
12488.3
12059.5
13059.5
12692.3
12412.5
13632.6
10117.2
12218.6
11214.7
8463.79
13298.9
10240.7
10585.1
10100.4
11567.9
10425.4
10622.7
9149.99
10988.6
10444.6
14478.9
11043.8
8395.9
11498.9
11182.3
10936.8
10165.4
9087.16
7939.87
13286.4
10400.1
10769.7
7910.46
10147.9
9529.86
9900.94
8616.58
9577.97
10926.2
10167.3
8744.84
13360.3
11879.2
9756.51
8667.5
10500.1
9042.87
10082.9
11603.2
12745.9
12150.5
9260.69
7110.38
11886.9
9352.02
11011.1
13354.2
16729
9773.46
10170.4
11157.8
11442.4
9278.26
10767.4
7377.51
9390
9311.56
11475.7
10079.2
9497.4
8536.07
7740.12
10100.1
10895.2
12753.7
11574.3
8142.48
8112.4
10536.5
11443.4
14287
9483.7
9701.43
12080.2
9707.6
11824.3
9668.93
9982
10393
10238.8
9997.03
13190.3
12619
10784.9
9581.66
11924.4
10521.2
10331.6
13464.5
7675.87
10185
10952.5
10331.4
9223.3
13055.5
11587.5
12416.5
10581
12061.7
7445.4
13283.7
8811.99
12735.7
13857.7
11170.6
10615.9
13082.3
11372.1
13068.1
11550.7
9016.15
9022.28
10455.2
8757.61
9376.46
9858.26
9465.69
8116.73
10465.1
10405.1
11821.5
8584.29
13880
11153.6
14999.5
11086.6
12543.2
13445.1
11204.8
9426.29
10894.1
8783.02
10122
12678.5
12383.6
9923.9
10429
13007.6
9669.35
12404
12786.9
11296.4
12181.4
9192.89
10508.6
12086.9
10252.5
9183.54
11086
10778.5
13605.5
8227.62
9892.04
8575.95
10742.8
10928.3
9396.16
9917.51
12820.1
11852.2
10768.2
12681.3
10855.9
9476.96
8674.5
14137.1
9546.3
9972.99
12073.3
12616.6
11853.8
9329.33
10126.4
13810.6
12157
12419.5
10577.7
11988.7
12585.5
9190.51
14150.8
10256.9
12519.4
11030.6
12398.4
11085.8
8715.07
11130.9
7780.88
11446.7
10794.3
8967.84
11110.3
9549.85
10130.3
8183.07
9110.35
12784.5
12781.5
12789.6
9040.49
10303.5
8151.88
9628.83
6512.96
11848
9691.12
8246.58
9863.96
10445.2
13054.3
13220.3
10212.2
12292.6
10915.7
13023.2
11399.5
9235.75
8301.8
10440.9
8409.38
12406.1
11744.1
12656.9
10451.8
10841.2
10065.1
11969.2
12769.5
10620.8
9773.29
10455.7
10240.3
8306.77
10050.8
11655.1
9327.77
10806.1
11026.9
9023.46
10443.4
9374.01
10433.3
10316.7
11712.5
13244.2
14595.7
11155.7
8638.04
8926.81
10862.1
12945.1
7867.84
14392.9
8554.02
8775.68
12936.5
9609.5
10696.7
9647.59
8483.01
8782.79
11046.5
11481.3
11585.2
8005.47
11344
14302.3
8488.55
12459
10515.1
10281.2
12762.2
11497.4
12460.7
7931.54
13764.7
9327.87
12217
8144.16
10721.4
13086.8
11247.5
12133.8
12096.5
12712.2
10091.8
10619.2
11969.6
8695.38
14300.5
10613.5
9137.16
9187.59
10370.7
9169.63
9175.04
10361.9
12061.2
8106.95
8078.13
14439.1
10521.8
8940.74
10038
11417.3
9630.85
10745.5
10652.7
13973.9
12696.2
11277.9
11408.6
9434.87
12944.8
12133.4
10151.3
12233.3
13204.5
13269.4
10190.8
9469.93
9754.22
10266.3
11127.1
8363.19
7556.56
12958.4
9760.27
13484
7262.13
10174.7
11440
10339.3
7599.49
8369.63
9439.9
9885.83
11958.2
8028.14
13414.4
15385
12547.6
10271.1
8814.52
10652.9
11140.6
10018.8
11556.8
12792.1
8991.62
10004.6
13135.5
11281.8
8622.85
11728.4
11629.2
10755
9364.8
9439.76
12745.3
9506.94
6266.9
11473.8
9757.1
8021.07
13032.5
14089
12865.8
9730.18
14584.7
14110.3
13635.2
9878.14
13844.4
12566.7
8527.56
15431.6
7796.49
9888.07
11241.5
9476.72
9199.24
11535.7
9552.09
8401.1
9386.92
9780.88
12559.1
14159.2
10230
9533.53
14252.5
10781.8
10866.5
14082.8
9756.01
11762.6
8888.05
10606.9
11350.1
13261.9
14221.6
12806.5
10773.9
16404.6
12767.5
12376.3
15637.3
13543.3
12479.4
7426.45
10941.7
13884.1
10183.5
9605.6
13997
9242.39
9999.44
10785.1
9569.95
12346.5
10607.1
12306.3
11026.7
11859.8
12269.3
12467.2
11899.5
8105.9
9905.25
10340.6
10603.9
10031.5
10030.2
13106.8
12288.4
9731.12
10600.2
12138.3
8114.33
12265.8
12523
14975.4
12253.6
9723.8
8603.83
12248.9
6749.1
12934.9
11393.7
11919.4
12936.8
10634.6
11604.9
12525
8710.89
8326.57
10869.7
9065.26
11789.5
11075
13120.4
11001
12587.1
7863.58
12865.8
12891
12270.5
8076.64
11866.3
10721.5
11124
12204.3
8161.49
9160.39
10810.6
10347.5
8851.88
11778.7
10912.9
12958.6
14836.4
11550.1
11419.9
10886.2
10277.5
11369.7
12515.8
12342.7
11888.7
11986.2
9621.34
10287.8
11159.1
10233.6
11488.8
10948.3
11604
6456.24
12031
7333.9
11923.6
10322.2
7922.44
9627.88
9595.78
9812.24
9084.29
8921.76
10925.6
12813.9
8670.78
11804.7
12473.5
9922.76
9533.59
10491
8967.05
12347.3
10967.5
10278.1
9305.99
12550.5
10473
13464.8
10976.1
11282.5
10870
9854.28
9256.37
11320.6
9696.63
10581.4
11725.5
12055.8
12355.9
9738.53
12132.6
10606.6
10984.8
8438.08
10017.9
12698.1
9638.53
10155.4
13655.8
8655.92
12550.3
13469
8176.56
10287.7
10429.6
14934
11876
10519.9
11092.1
11104.2
7976.11
12817.7
8573.68
10693.2
11075.7
8928.19
15579.2
8958.01
11788.8
12670.1
11432.8
14144
11038.3
9814.39
11504.8
9025.27
11561
14566.7
11670.5
11907.3
11563.9
13809.1
11567.8
14279.9
11512.9
14921.1
10916.2
13625.6
14256.7
9658.77
8831.7
11088.4
11099.6
10329.5
10090.3
8548.56
10067.8
13200.5
12466.2
12476
8555.11
12684.5
11195.7
8894.32
10215
12086.1
11782.3
8468.25
12919.2
10764.1
11017.4
8251.26
11371.9
10978.8
12007.5
12913
10736.4
10983.7
11208.1
8951.45
13941.2
10300
14117.8
9868.74
13379.5
13417.5
10283.1
13772.2
12272.9
11003.7
13823.7
11288.9
13134.6
14041.7
10871.8
7459.97
15030.8
12741.6
10387.2
10157.7
12061.3
12052.4
10859.3
15035.3
9199.64
13773.1
15185.5
14013
10852.5
11595.8
11060.4
8260.32
10295.6
10944.8
11386.1
13475.1
10172.6
11858.3
10800.1
10948.1
11722.9
8626.86
11062.5
11089.1
13185.5
8919.26
11474.5
11589.1
9222.27
11754.3
15754.9
13487.2
10484.3
13413
10730.5
9087.88
12207.4
10395.6
8716.61
13242.4
8434.03
11608
13029.5
10909.4
10575.7
10285.5
10420.7
11303.1
10360.9
8611.8
10826.6
10136.4
10617.7
9102.86
10544.3
10329.5
12239.1
10398.3
13400.2
10494.3
10488.3
9488.42
10854.5
12487.1
5785
8929.44
9227.89
12050.9
11790.5
13136.9
8363.64
12300.7
11819.9
13309.6
11616.7
12100
9756.5
8592.37
10790.1
11742.6
11943.2
11753.1
12230.2
10554.5
11909.7
12765.5
9297.28
10143.3
11310.1
12461.3
11999.2
13235.4
13658.5
8341.61
12295.6
9551.78
6628.08
9262.91
9678.83
9928.27
11278.8
11237.9
13314.6
9424.43
11622.4
8911.83
11923.9
8274.99
13436.3
11694.1
12365.2
11825.9
13445.7
8146.68
10878.7
11952.5
11123.4
11090.6
11827.8
9540.04
10315.4
12528.9
11892
14341.7
14706.3
10371.5
8014.66
10683.2
9112.9
12015.4
15178.6
9364.92
6722.82
12737.1
10536.1
11821.2
12974.3
13121.8
12023.4
12429.4
9994.42
14965.4
9427.63
10502.1
10151.5
12092.5
9377.34
11170.4
11209.2
14376.7
10918.6
7760.27
11716.2
10846.9
12507.4
11826.4
9355.25
9521.61
14435.6
12243.3
9767.82
12723.5
13477.8
14000
12396.1
12481.4
12909.5
13987.3
12588.9
9518.64
11139.2
8293.94
12328.2
9695.14
11035.9
9500.08
9563.72
14601
11658.6
13708.7
13696.9
11965.5
10715
11238.3
7556.74
8223.51
8153.19
13982.4
8917.72
13378.7
9940.49
11472.2
10687.6
8990.12
10418.7
11951.2
15954.1
9213.74
11668.9
9186.38
14659.9
10923.4
10188.1
11683.1
13585.7
11725.7
13840.4
10924.8
9494.39
17616.1
12390.1
11333.4
12843.3
9845.66
12912.8
11125.9
12521.7
12138.9
8726.85
10205.4
9591.91
8498.88
14642.8
11487.6
13468.7
12508.8
12451.4
10317.6
9946.87
12471
11510.7
9809.64
11682.1
13633.3
10442.9
12849.8
13227.2
13248.6
10956.7
10120.8
14312.3
9007.3
14531.8
11079.6
13804.6
10161.5
13931
12765.8
13757.3
12603.8
12048.8
11186.9
8787.83
9676.7
12011.5
15645.9
11839.4
10545
12047.4
9778.26
9854.51
13484.4
13982.1
10876.7
10955.7
13066.5
11381.1
13878.3
11374.9
12479.9
8878.21
10816
9658.62
10834.2
13654.7
12166.8
11310.9
8401.17
8460.2
11275.9
11657.8
8674.18
13878.7
12176.9
10695.1
9007.52
9763.11
14072.2
10199.7
10871.8
11210.6
10520.4
11318
10822.9
10765.2
12400.8
10697.7
10566.7
12780.5
15295
12147
11630.9
9252.25
10503.8
11309.5
11290.9
10834.6
10851.4
13003.4
11991.3
12743.8
14066.2
10246.2
9732.65
8537.73
11933.9
13204.8
10301.5
11111.7
11881.5
12515.5
12139.5
8388.01
11381.8
11326.5
11602.9
10114.2
13026
14289.1
10121.3
10393
11447.9
12055
9015.96
10104.3
8856.47
9095
12793.6
10290
12101.6
11081
13858.1
11796.5
10504.8
12703
8413.9
9875.73
13662.4
9744.43
9042.82
10279.5
11697.9
11750.2
11772.6
11006.3
10980
12790.9
10152.8
10477.2
12975
12231
8592.89
12425.8
9315.83
8825.13
12855.3
12592.8
8743.85
11855.1
10086
11990
10025.1
12562.5
10748.4
11600.8
11286.5
13112.8
10860.8
12235.9
13018.2
11608.7
11768.4
9895.11
14276.6
14033.3
13374.1
13599.2
14825.3
13973.5
13316.1
10719.8
8688.4
12058.1
10052.2
12892.6
13553.6
12152.7
10189.6
14428.5
9320.77
15003.9
12386.9
13108.3
9414.83
11360.4
12829.7
8906.93
13359.5
11492.1
8617.51
10576.9
7864.68
11820.6
12478.6
12369.9
12197.6
12220.3
12558.7
13412.2
12800
8964.48
9879.94
12768.5
8607.66
12611.3
13085.1
10552.4
14956.2
14099.5
10224.7
12157.2
11903.8
12251.9
7438.68
11097.1
9899.14
10643.3
10111.9
6891.11
12207.8
10401.5
10811.7
11287
10552.5
13287.2
13367.5
9801.67
13266.8
10775.2
10475.7
12898.7
10777.1
14255.9
10230.3
12213.7
14853.2
14131.9
12117.4
8703.28
10231.6
12212.2
10751.5
9176.59
11790
11992.2
6810.89
16175.9
13696
12641.4
14221.6
10860.5
13208.4
12451.1
7715.4
10947.3
14025
13004
14167
8271.81
16083.5
13344.9
10691
17922.3
11743.3
12669
13569.8
10364.7
10982
12365.9
12092
12943.8
9842.22
9883.33
11563.6
15784.8
10737.9
14093.4
11939.7
12552.5
9843.78
12085.7
11302.4
11771.7
10787.2
14933.2
10637
9926.93
8813.14
14041.8
11266.3
11256.7
11129.5
13290.1
10689.9
11036.6
9944.78
16601.4
15881.8
11462.2
8962.08
11524.2
14762.3
10080.6
13706.2
14223.2
12077.1
9463.65
11165.5
12188.9
12485.8
10496.5
14145.7
10662.3
11673.2
12036.2
11819.7
10173.6
13919.6
12144
9965.36
12246.6
9983.71
12436.1
12216.8
13724.4
17385
11116.7
15053.2
11579.3
11666.9
10713.9
12217.5
12792.7
9092.84
12683.6
15249.9
13712.8
9053.89
13182.2
10359.9
7781.77
8887.99
12433.1
11558.9
9003.39
11887.5
11345.4
11506.4
11458.6
11271.2
10679.5
9934.91
11158.1
12186
12970.2
12095.4
8470.49
10073.3
8481.72
10995.3
12091.1
8165.41
7662.01
10164.9
13888.8
10233.1
10439.9
10965.4
9487.2
11611
11122.1
11342.2
10393.3
12456.4
10666.3
7772.43
12174.1
6587.35
11012.6
14084.3
14339.6
10402
11069.5
12255.6
13237.8
10553.3
10588.5
11706.8
12825.9
14942.7
13270
12532.4
11346.4
12664.7
14275.1
10587.8
13145.4
9643.63
9874.35
14074.4
10666.6
11063.4
15699.9
12755.4
10070.3
10284.3
10560.2
12811.1
11200.7
11449.5
9472.55
9854.66
12114.1
8822.79
15608.5
12072.5
12331.6
11908
16232.3
16213
14295.5
12005.5
11159
14683
10836.4
14353.6
11181
12532
11131.4
9989.12
10091.4
7486.08
9906.37
10732.1
11967.1
11969.9
12022.4
12170.9
11552.5
12151.6
12678.3
10511.2
14759.7
11640.8
14573.3
13831.8
13535.4
9876
13167.5
17659.9
12137.3
12119.8
13085.8
11387.7
10691.3
9493.21
10964.6
11665.2
12250.4
15325.8
12836.9
11109.7
11946.7
10814.4
8484.66
14714.8
10103.9
14370.6
15221.1
14788
12120.2
12342.7
11828.8
10025.3
11522.1
8280.75
13801.9
12957.3
11155.5
14260.6
11774
14037.6
12762.9
10316.6
14610.6
9578.66
11589.4
11705.1
13822.6
11041.8
10852.3
14552.7
14019.4
14080.9
11441.7
8006.01
12512.7
14816.3
8042.61
12012.5
11191.5
11059.7
17253.9
12959.6
10814.5
14771.1
13933.9
12169.2
11872.5
11389
12304.6
8829.68
6862.99
11876
13902.2
13272.5
11636.2
10393.5
12218.9
12701.5
14302.6
10304.9
9043.76
7297.26
12794.5
10261.5
12475.1
9907.43
10429.9
11352.2
12399.1
11233.9
13161.5
10816.9
10569.3
11770.9
15273.1
14088.3
11473.4
12928.8
9961.61
15416.4
9803.62
12011.2
14167.4
13517.8
11970.3
8755.94
9179.29
12820
11496.8
13325.1
13060.1
9450.32
11268.3
8708.69
12307.3
11867.7
14965.4
13334.8
13489.2
10064.8
12703.9
10922.9
9655.39
13782.8
10094.1
10426.3
14087.1
12101.5
13096.9
11871.2
9985.33
13353.5
12659.2
11789.5
15069.1
12195.1
11981.5
12071.1
12584.6
15176.1
13063.7
13965.9
7389.74
10565.4
14506.7
14733.3
15755.2
12579.2
14545.2
14931.1
10033.4
11394.4
11865.1
12256.3
9180.44
10709.3
8810.48
14890.3
8665.68
13308
12321.4
13352.2
14316.8
11497.5
12991.6
14823.6
11110.1
14430.5
11978.7
9388.57
11990.3
13650.1
12062.2
14345
11521.4
10470.3
11526.8
16751.3
13327.2
11740.2
10484.4
12229.5
14221.3
11753.1
9516.04
11419.8
11027.2
11651.3
14875
9067.92
9726.44
10264.6
10412.9
11628
15763.7
12649.5
11902.4
10015.7
11468.1
13701.1
15419.1
11168.6
11367.1
12590.1
7480.89
9145.37
16197.4
11892.4
11800.6
10112.5
10772.5
13541.1
16929.7
13150.6
11977.4
13909.5
9335.94
12777.2
10056.4
11069.7
14380.2
15195.7
12557.3
6834.17
13748
9186.22
17697.2
15486.2
12396.2
12692.5
10583.7
12232.4
10930.8
11723.4
12535.6
13525.5
13680.9
13275.1
14388.7
12554
12632.3
14734
16584.4
13707.2
12223.9
11411
14432.6
10386.1
13190.1
10044.8
13565.1
11726.3
12858.2
12164.8
16226.3
16596.3
16923.5
13550.9
12499.4
15398.1
15138.5
12919
12384.4
11762.4
13504.5
11336.3
13949.9
12731.8
14147.3
13470.6
8929.66
13494.4
15203.5
7902.09
11566.2
16747.6
14275.2
12748.1
10531.6
12503
14601.4
12802.1
12975.4
12552.1
13504.9
12199
8387.82
11971.4
11827.2
12326.5
11061.7
10950
9369.2
9488.54
13427.6
11580.5
12229.4
12369
10193.1
12301.2
14561.5
11115.5
10679.3
10175.9
12861.1
19177.2
13404.8
11571.3
14490.5
10258.9
11470.2
16325.8
12572.8
13731.3
12115.7
12294
8481.33
16043.2
14646.6
10792.4
14294.8
9721.08
8040.87
10398
9311.32
9969.04
16631.1
11071.3
12561.9
10512.2
11170.9
13819.4
12049.7
14032.5
10540.1
13531.7
10428.2
11171.5
13115.1
14219
13296.9
7046.18
15563.2
15000.8
14919.5
7809.54
11193.1
10639.8
10554.8
12090.7
10338.7
10680.2
9480.93
9600.26
13640.6
13576.4
8476.07
10301.9
13633.7
12963.1
15693
10354.2
11952.9
