80.426
143.878
94.161
87.043
93.079
89.048
90.098
87.937
88.366
87.618
85.819
86.631
90.228
88.412
87.114
89.214
93.338
85.859
88.032
88.034
92.31
87.603
90.118
88.316
91.25
90.751
91.426
87.013
91.485
88.47
87.66
89.673
91.162
88.545
99.102
89.671
90.803
88.281
89.544
89.848
92.937
118.949
96.995
88.859
90.56
88.041
87.464
86.262
89.53
86.76
86.77
86.356
88.836
87.034
87.369
90.14
91.758
87.572
86.583
86.183
86.353
86.049
85.312
86.434
88.115
83.403
86.62
87.184
87.996
86.932
84.112
87.046
89.203
86.335
87.614
85.373
86.319
86.488
87.495
111.989
94.547
94.506
94.168
94.75
94.064
94.24
94.82
92.886
96.038
96.458
95.77
91.747
96.201
96.409
95.242
94.708
99.337
100.411
93.584
96.267
95.513
98.198
94.959
97.943
96.849
97.101
98.284
96.312
97.058
98.913
98.227
95.121
93.909
105.425
98.115
100.997
103.679
91.6
85.997
90.193
96.519
89.604
87.461
87.141
87.01
90.351
89.009
85.598
88.74
89.149
84.39
89.597
87.042
88.637
86.501
86.295
91.836
90.51
87.266
89.862
88.842
89.31
92.801
86.579
89.261
92.834
87.5
91.044
89.971
105.032
89.421
87.675
89.708
93.405
85.545
88.432
85.205
90.093
86.121
88.374
90.103
94.721
90.137
90.303
88.045
106.268
92.292
87.478
89.429
90.142
89.837
87.837
89.415
92.991
87.898
90.611
86.902
92.072
86.861
88.868
88.603
94.005
89.724
120.51
98.333
118.464
95.66
86.811
103.07
98.339
96.566
93.721
96.089
98.398
96.07
101.231
96.966
101.179
98.063
98.11
98.789
94.144
100.051
95.958
101.941
95.06
99.571
109.303
96.469
97.826
97.396
98.268
96.598
97.706
98.105
97.247
98.064
96.484
100.775
99.853
96.058
98.092
99.25
97.97
97.036
98.67
100.711
98.306
96.994
100.216
99.5
99.726
96.559
99.398
97.856
106.858
91.574
91.771
91.785
88.087
88.746
90.426
90.19
90.538
88.167
91.256
90.392
91.228
96.507
94.044
94.51
121.94
101.45
118.501
101.8
89.764
89.998
92.482
94.572
87.69
90.024
88.527
92.539
90.716
87.86
91.056
90.152
92.556
88.902
94.137
90.783
92.622
88.561
90.414
90.28
89.123
91.375
90.504
93.545
87.654
90.88
90.065
93.805
91.689
91.598
90.106
95.481
89.43
89.922
89.026
92.925
96.678
92.891
90.23
93.372
86.508
89.966
89.762
92.084
89.616
91.184
88.008
89.147
93.736
89.155
91.198
94.681
90.824
89.063
92.835
88.571
92.37
88.397
89.732
87.503
94.218
102.182
97.556
101.684
134.499
113.747
128.536
102.547
104.606
97.732
101.095
97.953
103.816
96.705
99.147
97.565
99.057
99.858
107.096
101.709
99.412
98.656
96.731
100.785
99.533
104.549
97.446
98.6
98.827
99.494
96.829
102.037
100.088
97.808
107.331
88.788
93.537
88.278
92.012
89.423
90.597
92.402
89.517
91.351
93.899
91.522
88.515
89.561
93.801
87.806
91.905
89.388
95.22
89.348
90.495
89.366
91.347
92.126
90.131
91.872
96.706
92.5
90.971
93.97
90.667
90.158
91.479
90.571
92.572
89.281
94.972
96.227
122.925
131.023
102.493
90.32
95.75
89.986
91.699
90.243
92.383
89.123
89.312
90.527
90.465
95.981
89.782
87.97
90.642
95.347
89.283
90.356
91.006
92.066
89.01
93.637
89.564
94.389
90.584
89.189
95.508
96.509
94.261
94.02
91.862
94.796
90.769
101.606
100.423
101.964
101.399
98.87
99.165
105.838
98.394
103.69
102.46
106.288
97.95
99.358
100.066
103.574
100.88
100.372
99.907
99.764
100.294
101.524
98.192
104.423
100.903
106.376
98.967
100.192
103.057
98.239
99.523
104.781
105.875
128.859
142.117
107.044
114.651
92.981
94.427
97.254
91.753
94.211
92.158
93.049
92.522
94.958
91.613
94.059
91.268
92.013
93.121
91.662
91.006
90.637
91.89
90.168
94.271
90.778
93.921
89.624
93.662
96.485
91.259
94.849
95.264
89.14
94.947
88.853
95.808
94.626
93.425
93.102
95.085
93.902
96.598
89.937
96.884
90.603
93.987
93.609
98.266
91.144
94.267
92.89
96.11
91.372
92.863
93.067
94.212
94.581
92.377
90.676
94.871
89.262
91.357
94.666
96.233
91.419
94.309
122.242
106.846
125.949
95.324
103.177
101.824
101.022
101.706
98.612
105.866
100.742
101.046
98.591
103.889
101.818
98.059
99.341
103.7
99.57
102.16
104.854
103.52
98.728
103.207
97.846
103.539
102.87
104.197
104.418
99.726
99.626
99.35
101.28
103.258
106.137
99.131
97.141
101.825
104.237
100.51
112.083
91.323
95.93
93.159
91.998
94.383
93.526
91.788
93.599
94.878
96.422
92.451
94.691
92.725
98.864
94.058
92.069
95.406
95.842
90.97
95.884
105.812
97.155
106.341
91.942
95.775
124.744
127.972
108.322
94.633
94.231
99.658
92.76
95.633
95.728
95.689
99.337
91.993
93.846
96.774
95.576
91.97
97.423
96.248
95.599
96.215
95.305
91.14
93.413
90.495
94.065
94.855
92.188
94.99
97.665
93.619
95.945
92.866
96.066
92.555
93.171
93.156
101.6
92.716
95.268
91.695
93.53
95.334
92.329
105.593
108.422
101.324
102.845
103.128
108.675
104.849
104.085
99.143
104.472
102.465
100.912
100.234
109.504
100.866
104.472
101.737
106.527
102.978
100.553
103.603
108.455
134.794
118.83
135.479
112.185
105.543
100.558
102.738
106.008
101.701
111.616
102.652
110.78
95.262
96.231
94.742
98.615
95.301
91.674
93.838
96.192
95.084
95.228
97.226
95.334
97.208
93.777
92.952
97.969
98.668
93.68
97.082
93.736
94.911
94.742
94.924
94.116
99.679
94.038
93.678
96.052
100.143
95.356
96.062
93.48
99.76
95.635
96.68
96.347
99.514
94.142
96.075
107.918
97.873
94.522
96.383
93.198
92.476
98.965
94.786
95.34
101.693
95.862
90.537
95.382
105.144
122.573
129.263
103.851
98.854
93.378
98.463
96.509
101.154
93.981
91.561
99.516
94.056
93.812
97.032
110.872
102.421
107.887
100.628
104.099
108.339
99.646
105.968
108.257
102.186
102.258
112.04
103.553
105.793
103.509
102.938
106.768
105.522
103.422
105.439
104.721
104.889
108.464
101.323
99.36
103.818
104.807
103.076
105.982
104.128
100.381
102.975
106.174
104.625
113.384
106.501
102.847
110.573
102.573
103.743
108.762
103.004
107.056
101.157
108.179
104.881
98.182
96.371
95.797
100.573
140.024
130.9
100.727
102.03
98.328
100.133
95.74
94.106
95.747
102.063
93.016
98.095
103.897
99.186
92.888
98.63
95.644
93.567
100.516
92.889
100.293
96.413
93.897
94.687
96.023
93.227
96.205
92.573
96.386
99.327
94.744
93.593
99.945
96.716
95.886
97.225
100.138
94.832
95.297
100.129
100.59
96.934
97.051
93.933
94.954
97.41
94.236
96.536
98.94
94.054
93.912
100.35
95.234
96.069
100.438
96.783
96.095
98.419
97.205
93.744
99.991
92.208
94.765
130.269
110.75
126.712
98.608
113.151
105.037
101.856
103.964
105.569
140.654
112.765
103.597
106.375
108.48
105.961
104.35
109.033
108.232
105.781
108.334
105.831
105.124
103.025
103.075
100.83
110.006
105.211
103.66
109.606
104.779
102.526
107.397
107.486
107.119
105.764
105.354
106.16
113.878
101.592
96.854
95.923
98.113
96.021
94.498
97.922
93.917
98.962
100.128
96.563
95.169
103.791
96.282
99.92
97.504
99.776
99.197
97.123
98.99
98.441
97.634
96.518
99.462
99.098
126.894
162.975
102.59
103.137
100.89
96.535
97.771
98.688
97.436
94.983
96.186
99.37
95.542
96.477
98.584
104.155
93.999
97.512
102.227
96.149
93.469
102.545
97.076
97.026
97.817
92.04
99.059
100.169
93.888
97.898
94.836
96.478
105.074
97.389
95.741
110.294
95.688
95.384
97.827
98.325
112.907
106.759
103.348
105.64
102.813
106.44
110.555
105.93
105.2
111.454
109.632
109.691
106.157
108.556
108.831
108.059
103.341
107.529
103.44
107.541
111.345
104.626
108.433
145.483
149.685
120.945
112.145
107.402
108.425
117.013
111.94
108.141
107.225
98.531
97.425
99.207
98.219
100.278
95.198
95.04
107.685
101.053
97.995
103.549
99.83
99.161
97.313
106.384
102.642
99.792
97.388
95.747
101.318
99.641
96.917
100.274
99.393
101.335
95.414
99.219
101.497
102.298
96.799
100.081
100.335
99.489
100.022
103.474
102.262
100.054
106.258
96.124
103.641
99.873
98.561
96.393
105.478
99.567
100.291
100.031
99.823
99.143
98.073
99.519
104.205
129.744
132.112
108.362
99.776
98.124
102.214
98.768
99.716
103.122
97.742
98.675
101.766
114.558
107.178
108.908
115.725
109.924
108.751
108.346
111.333
108.915
110.207
111.407
112.356
109.564
108.916
104.964
106.402
107.742
106.294
107.852
116.474
104.755
117.167
102.6
106.524
106.493
103.905
106.592
106.18
106.745
105.301
108.803
107.662
105.803
111.273
106.231
108.439
106.229
109.096
103.429
106.573
107.132
110.395
105.703
106.282
113.2
97.083
99.113
104.772
101.401
97.214
134.219
136.045
112.986
98.129
99.327
102.79
104.024
99.886
98.752
97.097
102.971
102.122
100.158
99.645
98.937
100.977
97.388
105.916
105.179
101.868
102.947
98.48
101.952
98.42
100.093
101.678
102.729
98.067
102.793
101.597
102.576
99.865
99.08
99.289
102.172
104.997
104.093
98.957
101.634
100.104
102.168
109.513
101.466
100.838
102.523
100.522
103.407
104.285
99.54
95.854
101.997
99.176
98.519
101.792
110.754
101.296
98.169
97.236
99.666
98.308
101.357
134.327
141.393
119.029
109.088
105.711
109.951
107.399
108.849
110.826
109.665
111.843
105.965
110.895
116.031
108.127
110.062
106.796
113.753
112.57
108.707
107.177
114.119
110.206
107.675
113.779
113.515
109.244
115.438
109.266
109.3
107.257
108.646
107.052
115.686
106.192
104.352
105.345
114.021
111.656
110.421
111.561
110.366
112.438
105.946
110.602
105.866
108.383
117.153
102.284
110.246
103.959
96.734
103.229
97.995
113.462
96.383
97.165
96.525
107.282
97.721
104.649
105.89
102.12
133.126
135.64
109.301
100.979
102.987
108.833
99.589
101.06
93.499
101.586
99.862
99.248
98.523
103.021
100.305
106.006
109.648
101.931
97.242
104.011
106.595
101.867
95.979
102.834
98.999
108.566
100.814
103.186
101.898
103.073
101.216
98.863
102.566
100.594
98.163
104.563
102.546
104.809
101.795
99.567
104.543
100.012
106.704
102.322
99.441
106.183
97.828
104.056
104.809
103.749
97.118
102.539
115.062
111.715
111.625
114.287
115.549
107.459
106.714
119.197
114.182
141.604
169.311
116.644
111.074
114.629
107.338
113.877
105.254
113.862
108.468
114.675
110.383
110.276
110.201
106.38
110.621
106.724
115.2
106.629
120.748
113.92
124.861
103.911
102.784
98.842
103.337
103.125
104.445
99.413
101.34
107.734
106.065
98.985
107.538
99.344
105.382
105.148
102.737
113.336
104.992
109.031
102.557
96.605
107.333
104.754
103.067
104.236
115.604
102.909
103.075
99.878
104.65
112.995
94.101
104.417
102.221
102.651
101.16
99.628
141.402
146.379
111.787
104.29
104.575
99.199
104.282
99.493
104.894
106.084
102.377
105.273
101.578
100.899
102.168
102.352
101.073
107.024
104.839
103.855
106.953
107.753
100.579
100.289
102.387
117.19
115.912
107.384
116.103
108.064
110.41
113.34
114.481
112.428
114.372
110.012
110.072
108.992
112.384
115.322
118.539
110.403
110.916
118.482
113.872
111.538
111.981
113.043
116.859
114.143
107.072
109.139
104.439
121.391
110.875
114.577
109.653
113.227
117.308
147.757
126.743
146.584
120.211
116.851
111.179
116.579
106.21
100.847
101.773
108.493
102.037
104.453
99.001
104.674
104.449
103.333
100.695
103.321
104.018
107.419
106.314
110.603
98.742
105.072
100.228
101.649
106.162
97.208
110.819
115.052
101.332
110.205
100.467
108.089
107.317
99.959
100.912
99.579
102.101
104.509
103.001
109.792
101.824
100.995
103.234
105.352
106.268
103.258
100.043
104.526
102.751
101.92
111.079
107.843
98.636
108.803
106.102
100.267
104.388
131.937
137.987
111.362
103.456
98.176
101.506
105.121
110.19
107.439
104.814
102.31
106.308
104.959
104.788
105.146
115.178
122.998
112.849
117.832
110.068
110.826
113.011
113.28
123.444
111.97
111.864
115.9
113.337
109.265
109.883
107.865
115.97
118.156
116.545
110.283
112.19
109.968
109.444
111.929
111.431
111.392
111.596
113.867
114.038
119.836
121.643
112.289
122.428
108.673
110.974
123.083
125.802
117.162
112.458
108.824
113.841
110.826
117.766
101.799
134.595
140.416
117.957
104.418
111.219
102.462
105.655
108.38
103.407
102.787
106.128
105.807
104.801
107.552
106.725
108.067
111.097
100.702
107.049
108.063
111.795
108.014
103.683
108.121
105.092
99.721
107.196
106.256
103.419
103.804
107.484
104.14
110.459
107.06
105.438
106.953
102.699
110.085
103.154
100.711
108.984
97.561
98.691
112.336
106.042
103.715
102.016
110.429
107.189
104.284
103.287
107.153
107.832
100.161
102.736
106.53
109.717
105.64
137.297
111.398
137.964
105.676
103.465
130.593
116.852
115.063
115.189
113.854
116.444
114.243
113.067
117.138
115.839
117.771
111.795
120.338
113.577
113.475
111.403
120.745
116.247
125.645
111.018
115.653
119.276
117.172
111.454
118.326
112.568
112.899
116.391
114.02
117.354
123.21
109.475
118.727
116.356
121.46
127.577
116.317
111.545
121.847
114.885
118.965
127.56
105.177
107.802
105.904
106.31
105.734
105.962
102.993
105.807
106.641
101.473
115.351
108.401
109.347
140.849
144.988
107.206
138.703
123.335
107.666
110.006
113.577
106.901
109.002
117.173
108.497
103.787
103.212
109.237
104.92
103.048
100.362
107.862
107.029
104.358
102.921
104.294
108.154
117.779
111.718
105.37
102.219
107.499
102.878
105.812
114.153
108.537
102.753
106.204
111.101
112.225
105.646
107.128
101.36
106.068
103.756
112.562
113.291
109.086
108.343
98.786
109.69
111.84
107.484
105.132
120.794
112.879
109.749
112.956
114.043
111.724
127.532
149.165
150.702
137.682
122.373
118.729
116.358
115.104
115.379
123.832
121.996
111.465
115.304
112.469
123.946
114.247
116.558
114.879
116.154
117.881
125.553
119
116.963
136.636
115.23
130.938
115.918
117.099
120.633
114.836
116.213
114.989
129.145
105.075
105.697
110.797
116.934
103.547
112.219
109.168
111.668
105.875
100.756
112.011
113.003
106.409
97.785
109.374
108.211
105.375
105.682
106.482
106.705
106.951
104.173
105.03
106.098
104.916
108.729
148.658
142.641
116.579
111.706
112.478
107.623
105.102
113.234
112.347
107.746
103.766
110.717
112.608
103.228
107.472
110.772
109.643
103.866
116.295
104.17
104.737
101.907
99.54
105.08
107.96
104.331
98.577
104.207
102.578
112.277
106.188
138.02
115.213
114.479
111.367
111.023
114.598
123.532
112.341
123.185
115.388
115.662
112.16
115.416
123.014
115.909
124.002
122.925
111.604
117.832
118.039
116.534
116.838
128.324
118.339
116.197
120.146
159.075
191.021
123.754
121.655
119.388
119.959
120.266
119.199
121.442
112.509
103.061
115.42
113.05
111.575
108.675
105.329
108.659
102.522
109.372
119.186
116.892
109.167
109.975
114.18
117.721
109.255
104.108
125.915
104.891
107.703
106.924
112.515
110.374
108.482
108.042
110.366
116.333
101.944
109.129
117.004
107.963
103.646
105.162
108.783
115.866
106.526
109.713
106.694
111.892
111.769
117.279
113.675
111.447
102.821
104.523
111.75
142.203
144.704
115.058
113.988
114.245
105.428
108.829
114.527
111.766
104.527
108.653
107.786
106.985
128.977
128.395
119.159
127.637
124.422
119.219
118.612
125.006
120.273
116.203
127.465
116.05
116.602
114.421
129.055
117.406
116.541
114.83
116.811
114.836
116.088
121.813
122.474
112.506
111.796
113.378
117.131
117.903
117.88
112.292
125.124
117.158
121.984
115.711
127.702
121.993
121.373
129.513
129.456
122.106
111.82
119.452
102.742
113.515
105.819
105.368
140.906
118.534
152.547
113.463
104.752
105.46
113.546
115.963
109.999
118.018
116.639
124.474
119.022
110.116
109.869
115.011
107.878
106.735
118.037
112.324
103.834
116.641
114.189
109.343
105.113
112.803
108.504
104.196
104.269
108.584
115.407
111.862
114.754
118.51
110.977
111.455
118.666
115.833
109.553
120.038
105.667
109.945
108.246
110.863
113.332
108.791
112.321
108.539
113.305
106.054
115.317
108.175
108.731
110.252
104.954
125.136
125.305
124.409
154.288
160.908
131.829
120.361
131.426
124.202
126.455
122.755
121.448
116.106
116.008
110.135
124.931
132.796
126.284
124.203
118.749
121.174
135.734
118.056
116.862
122.248
113.682
118.748
109.915
108.992
116.922
115.425
108.997
116.331
122.555
111.813
110.829
105.837
116.29
115.629
105.655
114.9
112.166
112.125
115.717
112.108
109.922
111.329
114.191
111.567
111.479
130.021
113.004
103.846
118.534
111.626
115.321
114.489
116.62
122.21
138.273
151.719
123.068
115.276
114.422
112.505
105.667
111.062
103.561
107.489
107.592
109.354
105.269
122.723
114.598
114.441
107.804
106.312
114.188
117.432
113.304
112.286
114.391
108.208
123.138
118.874
111.959
110.371
114.638
119.917
107.856
115.879
116.945
113.175
113.719
107.65
117.382
119.273
111.584
108.227
105.618
107.533
105.371
112.086
111.214
104.076
111.243
108.076
110.081
109.51
124.035
110.083
113.139
107.882
121.872
109.757
117.942
147.874
152.034
107.298
110.131
129.393
131.69
116.685
114.092
114.983
128.685
121.303
120.799
117.863
128.621
121.082
123.754
126.266
122.701
127.102
129.003
111.564
122.688
127.209
116.323
123.259
128.144
127.905
114.975
117.895
121.117
116.851
124.001
119.604
132.216
114.054
117.865
121.504
153.241
124.854
120.883
117.144
129.857
128.131
116.835
117.515
115.448
110.994
113.658
106.75
112.101
118.774
113.922
121.236
116.182
112.677
117.434
144.468
155.97
114.969
110.502
107.93
115.176
115.696
120.227
106.248
113.515
114.635
115.097
116.776
109.533
118.516
116.365
120.592
112.249
111.404
110.109
110.629
106.695
115.555
106.055
116.046
127.34
112.391
116.152
117.43
121.177
117.078
119.71
120.011
115.72
118.365
111.923
110.598
107.657
106.414
118.21
108.344
112.132
105.881
124.643
122.235
107.923
113.05
105.378
113.763
122.706
112.611
110.928
113.268
115.133
115.87
146.834
155.629
123.978
125.061
111.002
128.93
118.593
114.205
107.028
127.557
119.069
119.986
111.32
125.42
122.837
120.361
128.846
115.635
126.304
118.846
109.743
109.598
120.081
127.263
112.729
113.582
116.724
118.487
127.39
120.151
111.594
111.644
120.767
109.569
109.344
133.007
112.921
112.756
109.429
114.182
112.353
113.148
109.664
112.13
111.037
117.112
108.437
114.498
110.827
110.656
116.743
112.076
119.468
112.208
152.643
157.759
123.607
110.454
120.73
107.353
120.38
109.724
107.021
110.134
115.874
109.31
111.67
113.084
106.524
117.092
116.539
110.702
113.333
121.404
108.301
113.127
120.104
115.955
116.072
116.363
117.063
112.47
117.454
114.175
115.995
110.776
117.251
105.986
114.592
112.113
111.631
116.592
104.845
111.042
116.706
108.411
125.524
123.812
111.467
115.287
119.414
120.722
109.71
117.484
124.363
127.674
109.977
112.417
104.942
147.587
126.564
144.594
120.853
114.973
121.674
119.672
122.56
116.766
125.969
123.986
125.45
129.648
124.618
120.283
129.885
127.21
130.187
121.017
142.076
120.182
136.04
113.854
130.21
118.232
115.182
116.863
123.623
120.265
121.468
121.921
119.732
124.066
121.436
123.186
127.261
116.608
122.176
118.726
122.664
118.519
114.573
117.649
117.423
134.389
127.75
133.435
127.825
129.481
123.691
124.582
107.866
120.938
129.579
119.907
136.763
132.716
133.947
122.269
113.392
112.727
116.847
116.783
120.454
114.715
113.209
113.123
115.994
120.85
112.394
126.114
128.323
116.421
111.211
117.587
136.654
112.432
114.662
121.582
112.875
109.436
105.676
114.581
116.061
130.427
119.752
118.864
128.898
114.602
125.614
115.425
111.449
119.361
119.522
111.705
117.421
121.312
119.846
108.871
116.748
117.563
116.878
116.757
123.339
121.405
114.937
106.915
113.749
115.694
147.886
125.213
140.211
117.327
111.768
130.659
109.01
112.315
119.817
114.857
115.434
112.772
109.036
109.872
116.676
120.058
118.654
117.138
124.812
108.068
133
108.831
120.157
112.584
126.01
112.233
114.475
116.152
123.173
116.002
116.961
114.162
119.745
109.201
112.831
113.871
122.607
115.527
121.394
117.856
110.954
111.807
114.533
120.702
107.95
110.781
121.198
119.595
118.993
113.137
129.108
129.152
129.777
135.66
123.366
152.826
167.587
127.67
126.773
131.116
128.606
128.314
125.729
116.362
126.634
129.535
125.107
122.624
125.684
116.519
123.816
130.004
123.829
143.005
131.336
122.998
122.515
128.105
131.104
123.89
128.16
120.421
116.463
127.135
137.06
128.402
112.629
113.775
125.878
121.303
120.348
116.103
110.877
130.222
116.548
110.896
117.517
122.542
109.407
118.622
118.96
116.803
113.783
114.664
114.005
114.323
116.314
115.849
124.165
152.355
162.8
118.098
122.228
122.742
115.86
115.234
113.298
113.53
119.567
118.516
113.025
126.154
125.471
114.625
110.889
137.126
110.928
114.217
116.966
126.941
110.443
115.878
114.49
119.437
135.078
127.87
114.52
123.507
115.052
127.212
111.006
116.729
112.031
119.595
119.458
120.537
111.831
122.455
112.977
119.898
116.848
119.113
120.419
135.395
113.659
114.362
124.486
123.981
118.582
109.397
110.632
128.411
140.598
153.42
123.81
122.74
123.76
115.559
116.581
118.007
113.732
116.432
125.401
131.957
133.66
122.073
135.746
130.731
119.98
119.137
121.605
133.123
131.364
122.158
135.855
139.042
127.509
135.972
133.87
119.505
106.962
107.157
112.46
125.353
110.391
117.573
125.855
140.624
110.681
111.99
128.644
120.704
120.647
114.17
108.438
143.811
124.258
119.186
115.419
132.598
115.866
127.753
122.057
106.629
130.951
168.589
153.139
119.923
120.983
125.627
122.878
117.816
117.44
128.27
113.406
122.801
127.859
118.503
127.954
114.056
131.14
123.17
121.974
119.666
113.044
121.601
117.689
139.055
119.112
122.266
118.098
128.206
118.656
107.536
108.596
123.502
127.188
117.395
117.473
113.731
117.752
114.113
121.003
115.174
129.077
125.377
117.252
116.912
114.894
119.375
115.563
140.357
123.738
116.538
118.373
118.866
116.019
156.862
154.772
118.918
130.771
147.545
128.439
155.726
129.258
126.087
140.973
138.061
127.83
140.584
134.636
133.673
129.011
132.11
135.323
139.398
137.547
137.716
129.617
127.602
128.379
147.561
127.027
124.218
141.347
124.499
113.664
128.973
126.345
124.264
126.178
112.987
120.473
129.963
143.575
121.815
125.511
124.745
115.644
129.224
126.937
124.863
118.942
112.322
115.499
121.378
124.425
138.557
117.358
117.353
136.936
151.186
151.34
127.673
132.789
123.447
128.098
128.696
118.931
138.62
130.585
140.04
134.26
125.563
125.256
125.449
140.026
141.441
128.438
131.925
130.161
128.982
132.482
133.02
131.271
135.759
125.584
130.263
128.599
120.718
120.628
129.537
135.352
124.96
133.522
124.479
120.578
123.553
117.718
119.405
123.156
122.541
124.843
122.554
122.629
130.877
143.159
133.994
133.392
119.876
127.201
133.35
120.668
120.446
126.966
121.113
122.55
158.021
133.01
163.871
127.881
127.655
130.921
113.709
119.914
110.136
124.991
129.304
119.046
115.991
119.161
126.322
121.079
114.48
129.426
128.708
124.966
127.294
130.502
117.893
123.884
114.112
118.887
121.977
125.221
118.583
120.568
122.708
135.165
116.346
114.118
122.659
118.816
126.063
126.206
142.481
128.46
123.574
118.175
120.999
147.009
131.604
114.592
117.482
122.793
115.133
119.17
129.84
122.497
143.081
160.904
159.309
140.194
137.596
140.803
127.645
122.949
129.678
120.522
117.981
130.104
129.535
142.205
132.229
124.314
129.209
135.925
127.749
121.985
131.568
121.873
115.706
131.709
126.414
127.629
122.721
125.397
118.389
126.874
123.246
128.829
121.906
136.286
130.159
119.862
116.227
116.478
115.102
114.626
127.258
131.972
121.275
119.79
122.884
117.559
122.526
129.901
116.572
117.056
121.103
124.917
156.967
132.626
169.317
157.576
148.061
149.372
131.005
131.007
137.073
126.039
132.118
136.313
136.627
131.786
135.166
132.626
130.068
133.867
124.869
126.412
147.22
143.825
129.417
135.031
145.885
146.408
124.176
139.326
148.561
145.562
129.933
137.77
136.699
131.973
144.482
123.015
140.879
132.226
121.035
126.071
153.611
119.007
129.695
118.752
117.733
128.562
121.032
119.819
116.746
121.022
137.196
155.141
172.179
143.381
150.069
119.128
122.91
121.132
125.636
118.621
116.457
120.857
118.713
155.637
129.595
131.809
127.688
133.55
127.503
125.487
122.532
130.055
142.288
124.415
138.308
125.535
128.156
131.836
114.084
115.913
117.062
121.445
125.501
134.847
123.069
111.956
135.149
118.964
127.142
124.913
130.128
125.25
122.49
124.398
132.34
118.064
118.615
143.499
138.389
133.52
125.696
157.702
179.133
162.655
166.207
150.257
140.692
131.123
138.964
126.152
133.348
153.192
146.316
138.38
144.708
146.204
146.789
138.054
124.419
120.945
140.839
135.599
131.798
135.749
136.445
130.611
136.835
132.361
136.612
138.244
156.861
122.325
124.953
128.749
128.424
134.443
131.552
122.985
134.355
115.592
124.867
115.724
123.827
116.196
129.038
129.591
127.697
129.577
132.776
144.269
155.921
144.708
155.442
134.275
127.282
124.381
121.262
131.007
132.322
137.161
131.466
128.87
140.226
116.649
115.969
131.253
122.489
131.694
128.644
121.215
134.058
122.38
119.87
128.431
116.103
127.468
121.19
128.815
126.971
131.346
130.203
127.394
127.438
129.1
119.422
118.793
129.703
146.847
129.548
142.127
138.879
131.952
139.4
149.586
128.118
162.207
137.125
127.271
135.979
179.857
142.518
180.11
154.227
157.038
141.457
135.799
126.268
131.37
136.728
136.886
133.08
147.54
139.394
140.265
130.923
118.71
132.399
135.562
123.623
141.139
126.362
135.734
126.834
136.498
114.164
118.006
118.979
123.713
117.813
134.095
130.175
121.447
130.619
124.723
128.558
129.024
129.04
122.127
120.015
119.293
111.411
111.426
130.877
127.064
119.547
121.345
125.857
121.995
126.054
154.006
142.187
187.625
176.348
128.262
141.414
144.13
136.821
134.675
127.578
154.737
155.961
134.451
139.094
133.342
140
148.609
140.184
157.353
136.769
133.307
145.874
144.269
167.21
147.179
140.945
138.788
146.749
139.561
141.418
150.178
149.948
149.309
144.276
163.222
150.811
145.325
145.623
141.468
139.402
152.213
137.283
130.497
132.001
143.292
144.497
130.96
132.611
151.403
162.569
139.374
135.734
136.417
134.724
129.506
128.965
138.875
124.881
127.755
129.877
147.348
129.856
134.44
139.824
140.75
127.164
125.434
139.916
138.183
133.829
144.88
121.298
137.445
132.899
125.108
125.701
129.871
126.636
130.493
136.42
125.155
122.004
127.979
132.1
128.407
140.473
135.153
119.476
120.137
125.249
170.854
122.067
124.291
130.154
151.84
134.927
132.546
137.336
143.345
136.95
138.852
117.445
129.195
132.19
152.315
134.661
131.965
136.941
127.408
121.224
128.59
131.296
133.331
126.448
148.517
120.172
138.138
145.356
129.77
133.109
141.292
135.78
124.813
142.003
140.121
121.745
130.07
132.836
112.169
126.16
131.072
142.704
125.055
125.356
135.091
128.999
142.239
121.19
130.942
120.22
125.603
131.951
120.501
126.82
137.142
135.735
131.29
158.156
142.682
141.108
159.179
137.625
145.214
123.675
128.681
128.218
122.516
130.211
129.787
124.679
140.305
140.821
137.756
143.251
125.378
139.508
119.757
137.675
131.456
125.265
135.561
134.443
118.698
124.094
124.797
143.334
128.506
121.453
128.052
132.142
133.181
140.547
143.694
130.803
126.385
128.948
122.128
132.702
125.4
148.834
137.204
123.473
130.913
115.308
131.335
163.117
141.834
127.931
139.671
149.615
131.716
144
141.522
156.112
133.3
149.094
143.985
148.024
156.778
156.503
144
158.142
151.767
135.139
145.574
147.019
143.422
140.221
139.612
154.467
158.659
133.562
136.504
147.391
156.749
161.234
142.896
144.996
152.792
140.094
160.38
166.866
130.502
138.117
180.654
154.744
170.124
133.484
137.382
139.586
148.584
138.903
156.498
134.71
136.366
139.904
123.28
126.22
126.323
124.171
127.561
123.578
135.102
129.509
123.636
129.552
129.923
123.906
129.005
136.334
129.771
127.24
134.102
139.215
127.96
142.306
153.084
123.953
133.023
130.241
132.517
125.951
140.812
134.284
128.706
125.33
125.282
136.601
131.075
127.117
128.4
133.502
128.882
145.935
155.931
131.499
121.114
146.344
145.141
146.343
138.39
147.081
139.201
148.916
152.505
133.795
136.113
129.149
129.288
137.805
133.077
124.994
155.483
139.953
154.455
144.39
132.355
131.156
134.406
147.16
143.758
134.228
157.289
124.5
137.594
159.697
136.625
130.761
144.881
152.223
141.915
133.724
119.054
124.885
146.699
134.084
119.539
144.378
126.113
125.415
137.897
133.602
160.724
140.947
146.301
135.035
129.867
128.966
136.708
119.417
140.864
135.844
125.639
139.106
138.909
128.953
132.722
126.858
124.053
123.567
133.156
135.24
143.489
128.893
131.653
125.927
131.524
124.29
124.261
125.849
135.617
117.847
117.589
135.614
133.368
119.685
132.075
130.937
139.264
134.87
122.022
156.068
131.169
143.218
130.878
136.993
129.316
139.541
146.154
146.301
139.453
147.803
143.669
147.415
153.804
149.312
139.298
133.377
130.927
148.807
135.32
143.295
160.686
143.377
144.441
143.798
132.205
162.027
159.473
125.944
118.573
126.295
142.531
133.272
147.285
130.94
138.679
135.999
127.405
135.673
141.819
129.455
133.911
126.934
140.692
144.219
134.9
127.67
121.044
134.49
144.972
128.635
119.737
128.841
126.613
130.478
127.612
141.8
116.26
135.485
145.477
123.449
135.99
120.092
137.356
122.914
127.592
128.768
124.061
132.204
134.755
149.061
127.202
146.532
140.578
164.301
128.199
132.496
132.214
141.701
154.619
129.822
121.988
152.979
128.519
130.134
128.584
130.96
129.659
123.019
129.03
120.767
134.704
133.037
142.415
126.097
139.317
138.697
145.631
137.165
128.585
153.492
133.129
147.635
142.962
129.607
127.772
134.707
141.984
123.902
125.118
126.499
130.397
125.066
142.63
149.158
146.658
134.071
134.187
136.294
140.234
152.798
131.691
144.937
177.945
161.476
150.18
147.984
168.754
136.376
142.65
156.857
183.569
131.495
147.186
143.202
147.033
155.657
139.274
148.875
141.764
149.328
150.426
163.278
143.495
135.855
140.018
139.325
120.857
124.987
133.226
123.457
133.514
145.934
131.653
123.68
132.596
131.7
143.975
135.278
132.968
135.281
148.443
143.34
127.694
149.53
121.876
127.84
167.726
163.536
150.693
149.597
134.435
130.838
148.567
134.423
129.241
127.835
138.258
131.788
134.736
135.864
124.489
137.842
137.625
137.547
125.902
133.331
132.295
150.689
133.17
133.644
135.997
145.08
130.975
142.828
155.764
135.281
137.664
133.079
143.139
145.347
145.549
138.616
147.149
140.985
142.484
140.099
133.605
133.01
130.342
148.26
160.792
149.536
172.456
148.641
149.416
165.986
159.955
157.131
133.521
159.855
126.844
141.586
134.587
132.459
133.506
143.376
143.822
130.527
120.069
143.85
144.888
137.725
131.26
149.291
117.492
142.373
146.253
128.346
122.125
140.116
133.345
135.645
134.782
137.644
130.742
137.299
138.621
140.951
129.22
130.118
129.986
133.188
136.281
137.256
138.453
142.488
125.217
124.115
133.651
159.138
134.621
144.032
140.765
148.369
138.51
135.304
122.83
170.517
167.403
141.957
141.433
134.816
171.782
152.031
147.776
148.053
136.803
157.311
164.159
157.758
153.872
140.31
130.231
140.147
157.742
140.795
159.274
153.434
133.349
140.675
138.229
147.092
154.568
139.755
144.496
144.155
139.741
155.501
140.052
154.22
133.02
126.155
125.58
134.942
131.926
136.069
157.543
138.321
138.132
146.949
129.873
132.39
136.865
153.123
138.058
127.941
139.905
139.699
123.706
130.054
123.694
119.955
139.63
133.058
150.728
126.1
135.456
130.716
135.135
124.991
130.614
143.443
135.37
154.503
138.66
151.975
152.629
131.188
134.748
126.264
130.724
129.193
134.718
119.061
133.851
126.472
127.669
141.04
128.091
137.275
150.732
133.615
140.883
164.445
160.202
156.253
164.925
151.027
145.198
161.147
138.456
134.476
159.462
147.225
143.904
138.73
138.062
131.11
154.273
153.051
144.995
149.397
152.782
149.613
139.059
141.671
136.212
146.095
143.985
150.478
151.768
134.393
153.317
162.096
153.428
133.387
142.279
116.517
137.317
140.944
133.076
126.047
128.948
136.551
130.133
147.063
128.894
133.183
135.261
158.938
144.829
140.74
143.656
148.007
140.991
129.986
134.069
119.54
146.132
125.784
137.538
135.393
134.538
122.521
139.885
134.744
133.052
150.638
135.739
141.835
138.991
123.974
137.791
127.036
129.416
139.117
143.617
140.074
145.708
135.041
152.502
141.063
124.73
131.405
133.788
128.324
147.542
136.6
146.419
145.007
134.429
147.748
157.165
151.262
147.815
139.181
180.222
169.778
176.181
156.882
155.114
176.054
153.802
146.639
156.04
157.26
162.894
144.413
152.324
150.679
149.803
138.508
150.383
138.239
165.541
126.565
127.556
136.999
133.175
135.919
140.873
125.233
141.172
138.899
126.616
146.72
124.003
141.003
128.19
138.797
129.816
137.501
140.836
149.36
140.043
146.486
146.854
132.689
137.684
127.748
137.409
154.268
174.56
143.517
150.918
158.103
143.448
126.862
131.181
135.456
141.118
150.523
135.224
140.012
124.229
138.933
154.502
140.956
162.704
133.206
145.518
159.926
133.267
140.942
142.076
160.28
141.145
155.051
149.916
137.496
155.289
138.97
135.81
141.406
148.928
142.003
155.362
139.61
148.604
143.035
147.671
138.677
137.356
142.894
145.13
137.789
133.102
153.967
196.144
161.036
144.778
156.279
135.093
145.756
152.063
157.988
129.799
128.819
130.246
122.912
146.378
139.367
137.511
126.709
142.279
132.573
130.939
154.074
133.962
135.595
136.99
161.795
124.06
135.826
135.312
129.099
140.895
150.37
138.43
153.983
135.674
134.417
160.037
137.381
129.075
136.045
151.081
141.292
173.494
156.278
147.167
154.345
162.689
185.489
149.839
166.546
145.44
157.802
143.369
156.13
147.538
154.008
165.661
170.404
142.39
147.726
165.147
155.532
155.504
140.372
141.795
150.441
177.154
140.495
142.938
150.621
143.83
174.175
144.837
139.031
149.781
141.686
143.686
141.34
152.463
153.98
151.202
142.768
172.43
160.487
127.213
130.919
131.913
147.618
128.575
128.847
162.149
144.604
160.698
130.055
148.227
154.165
129.564
140.762
128.428
155.436
127.65
137.805
138.716
140.098
149.577
131.243
131.89
155.581
134.593
135.97
145.002
144.471
145.368
133.866
138.785
158.213
123.051
138.855
118.641
130.478
137.296
139.249
133.875
149.15
136.582
135.278
129.199
136.77
156.491
131.205
143.513
137.894
138.976
132.968
177.865
158.636
155.038
154.825
163.991
163.501
172.871
141.495
179.66
142.745
133.78
152.503
140.178
148.215
135.899
148.89
144.245
159.397
160.281
167.826
156.905
158.982
162.48
130.988
164.82
138.57
151.339
160.278
135.126
139.467
148.647
138.982
139.691
130.681
145.399
131.488
143.644
135.999
143.821
131.751
126.671
125.301
136.39
152.501
135.544
142.342
143.262
135.147
157.417
136.572
152.6
146.214
144.025
121.903
122.829
157.433
122.775
147.271
140.453
153.542
128.646
139.671
165.565
151.567
149.251
142.765
153.614
143.428
147.829
157.449
156.849
149.074
134.714
136.414
148.104
131.525
173.205
157.323
158.448
173.231
148.236
178.441
149.49
158.068
144.395
147.396
164.242
146.433
150.084
156.909
143.776
134.607
137.486
152.611
152.371
140.349
135.963
140.02
147.731
129.015
156.603
145.725
148.457
151.74
151.385
179.634
152.128
139.125
141.082
132.505
129.24
156.943
139.958
143.042
143.634
140.61
149.566
130.1
127.652
152.498
145.884
139.643
127.307
133.866
137.649
158.857
129.045
148.577
129.613
154.503
169.472
136.766
133.246
148.988
142.29
157.163
132.833
141.342
140.628
156.087
147.399
147.527
137.183
136.39
143.344
155.384
152.198
141.699
162.726
145.374
152.047
175.991
157.978
137.675
135.487
138.287
144.059
165.238
153.174
176.514
146.975
149.935
158.192
165.09
158.742
149.175
149.471
150.201
146.968
143.539
137.426
145.1
154.293
151.62
149.895
154.967
152.639
152.35
155.498
161.258
137.245
138.595
137.216
151.697
162.355
144.453
141.081
150.252
130.815
140.562
136.123
145.827
138.667
137.225
155.115
144.55
141.833
133.337
127.506
130.567
141.031
136.71
129.497
123.732
132.767
137.038
142.952
140.334
132.639
146.589
143.227
138.053
147.726
153.52
147.163
144.958
136.824
147.155
127.835
136.851
138.433
128.067
126.963
137.334
167.398
131.937
131.67
126.804
164.948
152.998
169.972
151.862
197.446
165.42
165.849
141.803
170.627
146.103
176.11
172.794
142.083
149.141
153.327
146.719
135.587
156.303
151.565
157.945
157.333
150.786
130.966
155.805
159.722
150.199
156.669
174.311
170.548
153.285
152.917
137.102
129.9
131.092
139.008
127.13
138.075
140.292
147.336
138.086
130.604
142.699
140.471
134.351
122.8
136.006
131.145
163.006
140.942
157.879
171.975
131.267
141.784
151.783
137.914
147.491
127.281
140.141
144.956
132.868
139.573
153.7
128.021
137.432
138.576
146.475
168.575
153.583
136.456
141.398
145.445
144.01
146.258
146.75
136.657
144.592
160.568
145.376
148.964
163.309
155.247
175.648
164.258
183.759
141.574
157.02
139.318
146.616
158.982
153.435
164.798
156.578
156.942
209.622
170.232
161.485
169.385
164.413
161.702
152.707
152.775
145.705
139.507
131.687
139.225
153.983
144.521
162.912
144.35
145.026
155.426
155.416
143.617
154.466
144.37
146.084
127.797
135.166
163.838
136.819
150.406
132.34
132.096
132.699
150.8
154.821
148.957
134
144.376
155.514
146.216
143.699
159.622
143.207
165.153
150.144
167.515
174.408
145.32
158.279
154.538
150.824
143.736
145.072
135.849
158.134
166.285
169.284
144.816
162.066
135.914
143.705
151.239
176.144
133.768
135.269
160.21
158.788
143.123
176.012
184.02
165.902
162.094
153.72
155.322
165.502
147.672
164.671
145.501
149.55
154.729
160.295
169.172
151.97
164.586
161.402
145.204
152.76
153.797
162.041
171.269
150.217
146.44
142.523
152.615
158.627
152.051
143.046
154.048
173.952
131.45
139.894
147.053
147.53
161.736
141.93
141.422
135.993
142.567
152.461
130.395
154.21
138.502
131.038
137.012
152.477
138.511
134.275
140.5
143.552
132.762
145.237
138.163
138.77
138.216
142.15
145.924
154.364
147.358
135.857
140.293
172.248
181.95
171.71
164.544
159.712
163.243
166.301
180.456
179.843
173.112
168.963
149.022
152.29
160.901
152.029
173.023
152.268
148.223
165.944
154.69
147.862
150.318
159.154
138.105
158.712
168.084
141.339
165.693
171.467
155.235
151
153.836
143.309
152.407
140.904
132.092
154.531
140.277
140.063
127.631
147.488
152.092
156.13
143.349
146.696
132.894
174.573
148.526
146.567
139.034
156.415
140.666
134.446
133.546
154.289
138.408
158.242
144.52
130.726
146.483
138.146
143.189
154.885
160.019
162.408
130.466
150.942
139.506
140.015
150.284
149.816
154.963
149.845
149.386
143.09
135.649
151.724
131.723
151.035
141.842
165.54
157.151
152.027
178.329
151.753
155.579
177.706
191.9
172.641
187.338
175.209
153.163
141.282
155.486
147.219
149.057
148.159
192.967
149.14
160.279
160.224
147.977
154.641
170.958
149.13
149.701
160.055
157.488
159.443
135.904
155.596
139.36
141.228
130.976
160.968
162.029
153.832
136.043
147.669
138.72
141.086
141.354
144.165
145.534
150.649
128.535
148.908
152.896
137.819
156.778
143.713
164.729
134.966
146.981
140.139
159.464
178.387
167.058
147.517
137.425
137.081
135.132
171.412
128.217
145.773
154.888
143.18
150.004
172.971
148.019
133.888
143.222
138.43
168.413
165.928
177.616
135.118
146.117
157.066
150.022
153.262
175.08
157.152
169.273
162.716
166.975
168.168
161.634
170.432
158.254
168.612
141.86
139.307
157.849
133.821
151.016
152.314
153.732
161.441
156.657
141.388
164.677
147.613
168.851
148.486
157.274
156.577
173.928
155.695
142.393
146.162
147.127
148.342
157.497
152.549
146.369
133.634
147.695
131.203
147.165
132.194
144.994
144.19
141.511
161.388
138.969
157.63
143.351
145.121
137.965
144.537
145.027
162.706
165.217
165.681
166.54
150.51
149.806
146.493
127.958
143.563
135.821
138.721
146.811
168.447
149.809
166.102
162.393
156.096
185.235
162.793
157.325
152.706
161.051
157.66
142.727
160.601
175.114
144.631
157.686
191.561
149.417
156.922
172.233
154.633
149.92
148.205
161.337
157.286
164.416
141.384
163.107
144.425
156.009
144.573
157.048
166.225
167.856
150.738
150.089
156.412
131.468
128.765
149.831
136.381
154.527
186.561
163.398
176.635
143.592
138.758
142.101
147.132
159.073
151.052
149.177
162.434
136.201
151.128
138.597
143.371
132.765
149.314
150.047
144.023
151.71
136.447
152.482
140.05
138.862
146.92
156.518
152.274
151.358
150.94
150.317
137.495
152.995
156.136
129.932
147.993
139.519
134.389
141.806
144.948
162.758
160.821
169.793
152.113
169.336
199.784
167.118
185.062
179.886
145.044
159.925
173.583
157.058
163.522
165.706
170.124
155.47
166.557
151.206
160.217
145.325
153.312
188.068
153.524
159.787
145.903
162.441
187.318
169.982
140.632
152.343
152.007
136.467
143.538
148.693
154.379
167.078
137.565
157.704
152.209
141.552
163.761
158.266
139.744
154.753
148.66
143.431
163.301
177.684
146.303
135.448
146.368
147.904
152.47
144.277
139.646
160.776
150.26
130.689
177.995
153.45
165.846
148.474
139.723
139.417
165.349
146.746
142.054
135.953
167.441
139.032
142.462
140.634
135.378
147.171
164.844
159.058
157.21
142.314
186.639
159.658
152.793
160.482
155.399
175.815
165.512
159.02
157.619
146.542
203.65
226.769
179.149
164.155
158.778
154.407
161.257
169.042
191.747
149.062
160.952
135.23
152.29
138.356
134.119
151.63
142.708
169.387
138.051
170.982
142.821
152.917
158.403
139.661
143.357
139.451
148.031
161.001
190.319
149.115
152.75
161.759
160.016
147.439
161.769
147.002
128.326
131.849
151.855
146.704
144.193
139.487
162.529
177.478
