530.857
534.916
491.777
491.829
485.684
489.905
487.128
484.249
499.725
486.925
487.907
486.419
515.897
522.328
491.539
480.629
521.294
526.773
530.271
520.922
516.078
531.718
534.774
523.049
499.201
527.566
500.015
485.362
488.61
487.473
497.445
481.261
486.48
491.506
481.099
480.138
486.585
493.963
600.159
527.782
542.971
540.31
545.781
545.809
519.937
492.52
501.427
502.986
506.651
498.217
497.219
545.142
484.254
484.198
486.619
481.207
495.418
488.631
508.623
551.263
537.195
545.121
538.958
554.096
602.629
509.472
495.377
497.444
508.717
494.862
499.516
516.645
494.669
493.018
503.367
487.581
514.791
541.807
490.863
492.486
547.719
547.925
554.156
539.203
551.537
537.396
556.911
492.6
498.721
541.979
494.156
488.436
488.791
503.813
502.049
487.517
492.129
483.636
503.019
496.656
499.103
528.814
589.138
528.002
536.906
530.775
538.725
568.346
495.202
491.981
495.926
501.397
502.435
495.833
514.931
565.765
497.008
512.213
495.897
499.052
494.931
495.884
495.451
491.733
512.435
511.026
512.047
553.849
498.327
495.482
490.667
493.412
490.484
499.134
507.415
493.455
505.136
502.697
494.742
510.607
582.072
538.275
540.528
539.043
545.508
538.023
560.097
513.976
505.77
500.2
495.579
503.392
516.344
515.63
503.162
506.064
497.898
501.418
495.453
493.351
491.4
495.665
552.231
544.614
555.036
568.86
536.761
540.214
529.392
483.583
496.527
494.766
502.621
493.862
495.394
496.924
490.808
497.981
496.772
494.889
505.815
492.024
521.222
532.833
535.811
536.532
538.253
545.745
531.282
543.184
486.059
513.506
491.78
484.3
493.352
490.842
508.374
496.275
489.097
495.358
486.951
485.817
489.849
488.923
537.316
551.493
538.272
533.692
537.684
548.538
530.759
551.892
489.579
502.301
499.237
499.2
511.314
497.171
494.15
497.07
486.886
490.779
496.707
507.709
495.053
500.466
548.624
553.284
541.412
589.001
541.823
533.444
540.808
485.436
496.205
495.471
483.356
485.096
488.415
491.786
484.114
495.554
510.215
503.968
490.301
486.493
519.152
534.463
537.915
536.403
523.183
489.948
486.006
488.341
516.734
512.399
501.048
496.862
503.328
493.608
487.092
489.215
488.652
488.092
485.121
486.97
489.402
523.003
500.502
491.972
490.769
490.045
505.719
510.384
499.074
506.108
505.627
500.305
503.814
505.232
507.493
499.538
514.102
494.945
523.156
549.847
539.749
546.799
541.355
539.618
544.083
534.785
553.177
541.475
500.487
488.567
489.756
491.862
511.677
496.782
495.453
494.917
489.142
496.294
489.935
500.272
525.212
495.794
495.698
500.7
559.031
541.535
543.724
550.526
539.639
545.414
540.169
554.281
568.515
506.389
496.215
496.082
490.648
503.971
492.956
493.741
495.624
489.429
495.377
501.951
495.078
510.014
495.148
496.651
538.003
529.99
547.134
538.869
533.329
533.069
534.407
536.794
532.637
534.08
514.309
496.901
496.53
494.964
502.767
493.249
496.768
496.958
503.817
497.302
502.686
502.913
522.734
498.882
536.135
531.474
536.728
579.61
543.661
539.486
551.429
501.443
503.586
507.49
500.709
517.08
506.135
504.207
491.971
504.843
517.591
508.585
501.452
505.758
496.751
496.039
553.671
554.793
556.429
541.211
533.882
540.766
541.354
543.086
540.402
491.325
501.15
504.95
501.102
496.628
517.31
507.835
501.347
496.433
497.689
503.814
494.538
496.374
502.528
500.9
549.13
545.178
566.07
565.303
546.053
532.242
541.114
497.975
490.328
491.797
499.129
491.937
490.3
493.984
493.245
511.831
505.934
493.181
506.03
497.633
551.909
538.18
546.783
535.581
549.103
548.945
532.318
523.792
524.739
498.549
496.058
493.95
495.077
506.802
489.66
498
488.924
492.745
496.042
489.815
528.959
517.807
505.416
495.239
493.174
494.111
485.732
493.248
494.699
494.435
493.071
490.354
495.264
578.545
497.745
498.434
495.743
509.641
496.404
491.851
506.574
493.026
488.51
499.866
484.75
525.015
501.624
491.717
493.269
487.444
504.844
498.95
493.064
509.109
504.219
496.604
505.353
502.001
521.435
498.341
502.397
532.945
543.284
543.339
554.517
502.926
502.778
500.171
499.763
510.182
513.539
504.117
498.749
496.996
498.035
499.719
501.43
497.45
494.675
499.444
496.556
504.73
496.198
520.39
500.657
501.298
501.907
546.31
542.033
535.897
542.722
545.395
540.45
543.901
543.504
561.892
556.193
499.034
505.89
515.196
509.634
523.671
504.178
508.702
513.427
507.127
504.153
510.736
516.625
500.148
502.68
503.492
540.384
550.789
551.219
540.799
497.594
495.005
497.925
492.127
513.868
544.388
508.187
522.631
504.188
501.174
506.91
497.283
507.532
499.998
505.488
526.789
536.285
554.795
510.406
512.33
513.583
504.343
511.657
523.141
509.809
507.083
500.618
504.795
502.529
541.551
503.991
510.927
510.153
504.967
513.929
510.8
504.652
508.133
513.284
519.786
504.149
508.612
507.869
502.852
512.718
555.848
556.828
560.205
550.445
542.831
550.517
546.076
547.847
552.31
546.5
503.299
503.979
505.419
506.822
504.153
516.002
510.921
508.183
498.91
507.553
502.12
505.706
512.887
508.701
560.037
551.079
553.817
555.168
556.156
549.688
558.522
556.504
554.396
546.808
509.318
509.124
511.792
512.331
507.423
513.95
509.034
499.767
514.311
505.798
505.356
507.072
502.186
535.091
554.072
550.415
552.127
549.545
552.373
551.209
568.74
559.418
518.091
515.201
511.377
521.211
511.117
511.598
517.956
512.537
511.317
507.456
506.606
513.472
511.54
510.447
507.666
515.846
533.417
594.33
555.201
558.418
555.082
568.777
561.061
541.247
512.537
520.832
509.397
513.432
513.987
510.482
548.126
537.098
521.482
503.476
505.626
522.543
534.809
541.252
557.68
563.196
557.163
550.165
550.144
607.061
513.18
506.496
503.966
522.7
509.261
514.38
518.493
517.517
510.356
515.849
522.305
558.06
511.052
510.874
573.109
551.095
564.683
554.47
565.829
577.875
538.891
523.613
525.026
520.726
556.137
507.942
514.558
512.763
517.483
514.222
508.659
519.231
523.973
516.361
544.094
548.715
614.746
558.478
558.575
566.339
567.46
510.624
518.551
514.104
527.263
510.893
519.978
506.547
568.232
509.054
505.358
510.849
524.536
517.43
504.536
502.905
500.662
503.744
508.454
504.027
532.056
546.633
513.306
509.835
512.361
512.137
506.558
503.866
528.585
503.198
505.164
509.096
517.981
513.914
500.014
517.633
511.202
507.891
516.418
505.168
510.583
509.477
512.292
520.931
509.074
514.833
513.998
512.616
517.929
510.218
515.691
536.422
516.077
509.553
508.593
510.094
512.277
509.831
523.376
544.124
513.344
513.792
503.276
516.273
505.52
505.167
520.138
507.713
511.852
500.74
506.347
519.56
507.558
508.271
522.985
504.03
514.971
504.607
506.583
505.975
507.894
505.891
523.56
511.439
531.143
504.469
516.407
504.186
505.558
510.862
525.3
511.428
513.51
516.595
504.848
511.259
522.532
513.067
518.38
516.934
511.387
517.175
509.164
512.336
525.273
523.284
518.72
512.285
510.566
537.55
507.81
515.962
507.284
520.789
511.85
511.517
507.897
507.333
507.3
508.836
505.103
523.971
523.598
507.485
513.419
517.112
521.085
516.992
512.614
523.917
512.761
522.555
520.785
521.176
524.941
518.654
517.284
570.654
566.172
581.983
568.016
563.196
569.841
562.158
587.145
534.522
528.191
525.458
515.357
513.238
522.469
516.771
517.836
521.249
531.48
519.435
529.932
517.027
517.416
536.17
553.741
558.203
556.725
548.348
508.03
512.412
528.48
515.304
511.3
515.218
523.5
524.656
512.839
506.94
514.565
510.97
515.39
514.966
508.703
518.939
516.037
516.805
528.644
531.619
514.431
517.54
513.25
517.818
507.021
530.067
512.279
512.437
508.975
530.719
513.67
520.282
551.243
530.349
523.276
519.819
524.521
527.9
519.676
518.779
524.539
552.068
525.622
524.843
540.404
523.632
527.185
524.502
531.585
555.856
527.8
534.947
522.217
522.265
513.292
518.404
538.454
526.035
521.769
521.524
519.438
524.429
523.348
543.612
552.002
523.785
522.991
520.363
540.293
522.708
532.567
530.375
523.728
536.757
526.17
523.773
518.739
515.964
516.38
530.604
535.271
524.777
524.422
525.891
563.906
563.114
577.299
563.735
569.181
580.072
584.767
522.42
533.082
527.196
521.973
524.91
524.703
528.299
524.539
522.319
521.108
531.896
522.501
524.967
520.25
522.641
526.414
564.047
573.667
565.166
561.615
571.873
559.596
565.279
564.17
573.461
569.156
528.889
527.238
520.157
522.717
530.554
519.228
522.344
520.689
526.122
520.947
522.298
524.196
521.499
528.012
579.692
582.776
573.196
568.291
567.516
574.887
569.651
562.602
592.372
533.437
526.251
520.942
518.004
526.539
521.167
526.472
520.956
523.165
520.672
539.75
519.643
530.797
529.565
580.499
566.48
568.372
575.921
577.917
566.529
582.942
574.061
581.938
525.771
532.514
528.029
528.585
546.691
535.277
538.468
526.818
527.171
542.429
531.4
548.263
536.907
537.933
523.328
523.245
528.007
530.179
534.162
531.541
528.617
520.986
531.358
525.967
519.062
531.561
533.186
520.245
526.273
571.382
575.354
594.08
566.268
580.021
573.076
570.386
571.786
573.622
550.623
522.724
526.214
531.127
531.23
520.588
528.044
531.111
522.983
527.434
535.897
527.031
526.552
530.145
601.616
581.071
575.93
579.807
577.936
567.518
572.106
574.099
575.418
572.124
561.18
535.949
532.385
525.718
537.019
536.457
534.021
531.119
545.44
561.181
530.532
536.716
566.398
530.7
535.524
531.78
526.818
528.69
536.052
534.904
532.894
528.575
533.087
537.554
594.11
543.806
531.033
526.123
534.441
526.784
531.514
525.422
526.732
522.086
559.869
556.261
570.184
531.967
533.567
531.897
550.767
535.914
540.571
535.634
531.681
534.496
531.153
594.496
533.235
561.333
580.996
580.229
593.693
535.394
536.276
533.065
533.744
532.348
543.618
535.863
550.528
540.741
542.401
534.223
533.277
532.412
535.739
541.841
536.51
530.605
540.359
528.44
535.126
525.495
543.139
532.31
521.782
525.302
529.12
531.102
533.61
529.752
538.993
530.359
527.77
535.128
531.278
586.343
570.895
575.245
566.595
572.429
570.962
573.026
576.977
574.291
534.353
538.551
526.302
538.123
530.078
529.938
526.645
532.559
553.596
530.524
551.582
533.748
533.491
530.975
532.745
539.5
533.158
533.803
530.212
534.529
529.526
532.433
531.646
544.915
539.831
538.856
554.19
532.061
532.4
532.724
546.698
534.761
525.689
529.604
535.192
535.526
534.775
529.458
544.917
550.148
537.763
529.014
530.408
528.507
533.628
548.253
562.572
545.885
535.719
536.601
542.852
537.229
550.845
532.459
533.489
527.5
536.441
542.106
563.35
542.616
555.84
542.027
540.45
531.844
533.101
528.15
526.441
549.186
540.876
570.938
545.133
543.759
534.56
543.201
550.792
546.3
536.027
536.306
531.877
568.811
539.978
618.714
553.094
532.255
533.095
558.56
575.738
585.828
585.042
589.868
578.974
569.518
534.782
551.783
534.586
529.729
542.516
584.626
524.784
526.673
527.165
537.502
529.701
528.744
550.803
559.36
531.96
537.814
527.345
529.969
528.777
547.128
537.618
526.02
526.796
537.2
528.435
555.873
528.29
540.226
530.945
533.135
529.402
530.31
526.958
524.039
545.273
529.676
527.109
558.72
530.674
531.266
531.512
530.932
549.18
528.059
528.523
538.182
524.917
543.649
530.908
563.08
532.663
531.45
534.237
533.551
547.189
542.561
539.55
534.888
534.143
533.569
528.747
542.988
532.626
575.005
576.364
580.303
590.207
585.426
595.611
569.706
536.651
549.345
538.266
555.916
527.3
535.62
540.115
547.454
543.316
533.878
542.597
532.695
539.212
573.793
588.414
594.738
579.251
580.634
581.055
584.793
582.358
559.687
542.915
533.691
529.413
533.849
537.716
536.719
529.156
532.53
554.018
534.085
541.284
535.294
547.127
532.993
548.027
541.805
597.651
594.646
578.922
581.653
577.764
597.212
565.321
540.669
555.866
542.132
550.358
537.816
563.466
543.296
537.888
535.233
531.045
540.978
533.803
533.477
541.352
571.439
582.923
598.864
604.94
588.044
573.009
569.473
540.026
553.118
540.461
544.739
537.772
550.8
534.255
550.767
552.9
533.17
536.312
565.361
553.425
536.918
548.418
574.481
569.934
585.116
592.342
594.553
597.835
574.087
543.011
540.996
540.304
557.438
538.999
556.707
558.281
534.242
548.338
537.403
565.273
564.266
538.127
544.33
536.771
608.466
576.13
582.434
577.474
581.414
583.647
585.678
645.489
550.589
539.717
541.805
552.006
551.709
584.796
560.484
550.851
552.454
549.959
555.357
554.249
551.771
537.655
541.191
548.59
554.656
566.16
581.176
938.349
675.825
666.197
627.903
710.303
688.453
618.795
627.856
701.633
700.154
611.366
609.565
611.126
597.887
557.539
560.977
547.249
553.065
573.599
611.258
551.294
555.083
565.452
571.838
557.151
564.305
569.112
553.523
575.586
611.232
653.092
597.058
593.766
607.121
617.518
552.222
573.985
560.119
552.921
569.634
559.106
570.685
575.017
544.633
559.567
563.932
560.004
555.219
548.06
560.153
546.942
589.306
594.829
657.478
598.502
591.476
544.156
563.556
549.065
542.712
543.534
567.772
550.534
546.904
557.1
588.367
551.273
539.868
547.781
540.251
541.808
538.518
534.246
543.711
544.714
551.291
560.002
622.167
614
596.479
593.296
601.318
608.298
596.223
611.518
590.784
548.238
560.957
614.245
564.218
560.945
545.094
546.863
550.124
551.471
550.912
562.8
540.073
541.233
547.746
566.721
603.912
553.105
552.874
539.565
539.133
542.262
552.257
552.346
543.648
565.442
576.733
614.113
552.73
548.136
539.652
543.945
556.164
536.223
541.201
538.983
543.718
545.816
624.21
554.357
556.163
550.693
549.823
548.773
559.971
549.787
544.558
564.212
565.395
575.935
538.746
543.971
541.454
539.78
547.589
543.716
534.693
544.23
543.723
573.487
592.584
559.46
594.443
581.687
587
611.148
596.02
599.47
603.521
581.95
599.844
550.835
574.374
547.081
543.54
556.143
570.477
558.07
544.687
545.213
545.165
544.138
558.007
581.828
589.336
585.936
586.619
593.347
582.141
606.701
598.501
609.195
549.306
557.176
567.67
569.219
558.087
541.837
536.353
543.386
544.362
541.262
539.88
549.625
552.941
549.531
558.466
550.671
540.275
600.577
585.33
603.709
606.582
595.252
606.06
603.52
542.883
553.434
579.308
542.392
542.48
539.903
552.206
559.689
546.318
572.691
558.417
548.947
548.816
627.267
640.806
587.904
597.578
582.833
588.249
586.86
614.998
548.98
552.853
541.144
538.651
560.951
550.421
543.291
542.487
548.559
556.047
545.55
553.13
548.657
551.259
600.024
618.892
610.483
583.806
582.324
581.297
590.793
594.923
563.685
575.721
545.669
550.488
551.013
563.984
579.245
542.035
555.771
542.027
551.061
544.026
541.635
544.066
603.729
593.768
588.682
662.795
605.802
592.863
560.229
546.938
568.728
547.79
547.803
551.357
553.386
542.063
575.376
590.214
543.504
550.523
545.803
571.346
568.662
542.685
561.846
542.301
562.267
551.148
598.651
566.672
549.653
565.518
557.71
541.223
562.075
603.844
605.19
609.304
614.525
630.117
630.769
543.831
581.368
549.484
555.614
563.973
545.254
552.368
556.33
555.661
567.228
589.355
556.775
545.937
547.317
564.86
582.789
594.628
595.86
612.562
600.876
606.594
611.097
583.429
591.598
563.041
556.385
548.783
546.377
551.915
547.227
540.529
544.752
598.661
592.047
565.104
549.531
549.46
568.544
548.337
577.119
583.662
552.281
545.309
549.391
599.995
565.196
557.096
547.104
556.164
556.968
553.365
554.817
549.22
567.385
552.038
560.771
589.366
559.571
558.614
550.929
572.406
565.366
548.45
564.11
555.205
556.395
571.85
593.168
566.184
555.353
551.431
548.298
549.138
550.93
553.918
552.984
552.949
564.658
581.361
582.514
549.691
558.756
560.284
551.759
543.444
547.94
548.793
543.05
545.239
575.965
594.165
559.605
547.263
547.333
553.774
543.186
566.936
551.083
545.351
544.367
543.195
587.48
586.243
568.28
549.969
545.168
557.479
553.329
543.899
553.294
543.224
553.478
571.685
589.285
570.813
554.518
567.998
573.397
574.026
558.581
563.414
551.875
567.992
556.077
580.591
592.261
566.5
555.704
546.404
546.678
542.404
547.784
563.092
546.858
549.308
566.162
589.269
558.651
548.415
561.191
548.807
547.02
540.546
539.094
559.857
551.919
576.084
593.307
566.482
553.028
545.797
554.021
554.742
572.549
556.344
543.825
548.906
549.343
577.926
597.711
551.791
559.534
546.241
553.042
543.57
549.569
544.526
548.511
565.834
572.22
591.644
570.249
551.537
550.833
562.549
584.436
566.902
560.009
564.884
557.825
573.079
586.675
583.06
576.203
555.572
554.836
551.586
556.746
550.086
562.995
557.167
552.109
584.944
591.661
560.113
557.057
565.399
552.44
565.794
555.517
560.698
581.296
576.415
608.055
598.653
557.088
553.191
561.447
568.781
554.233
621.21
589.519
596.219
597.456
603.642
644.302
598.076
664.712
562.138
568.874
563.598
552.274
565.025
561.295
573.221
557.191
592.948
583.63
555.226
549.842
562.609
555.403
556.574
548.899
550.575
552.142
547.714
577.525
604.367
571.097
544.375
545.608
555.989
549.408
551.091
563.921
551.424
551.746
545.251
591.487
585.456
571.966
558.539
554.975
553.844
548.523
543.299
551.882
551.658
556.834
573.526
598.739
556.146
563.475
556.394
571.278
575.305
569.839
566.48
564.892
552.987
570.805
604.356
567.694
565.425
570.014
574.492
557.125
567.797
612.341
621.209
602.663
619.063
661.191
586.282
562.806
554.442
584.312
570.534
558.844
573.253
566.826
572.281
568.596
597.053
570.977
559.784
573.556
572.165
573.669
605.852
607.245
612.054
614.956
608.793
638.179
591.328
576.307
555.331
551.462
554.801
548.373
553.73
553.953
545.669
559.514
569.047
598.1
562.666
548.084
550.976
566.745
561.691
552.04
555.463
554.625
550.529
551.248
604.798
577.279
566.09
554.571
573.943
556.369
559.469
557.073
565.656
555.795
558.457
587.303
589.333
571.059
559.583
574.301
567.932
556.347
555.924
555.597
570.427
558.626
592.31
586.386
562.56
558.735
582.914
601.256
573.385
580.055
573.381
564.243
555.337
584.694
585.047
559.238
566.562
553.24
560.548
598.931
600.132
599.708
612.602
617.994
635.709
598.409
565.724
563.972
606.926
583.52
589.045
566.55
571.194
568.996
561.88
566.341
634.06
575.305
565.144
561.919
572.755
555.627
598.112
615.18
639.366
620.378
606.65
647.14
585.76
561.731
587.8
571.254
576.12
579.833
580.194
577.077
573.674
578.904
601.447
587.466
566.531
568.749
558.998
557.679
567.968
558.758
552.678
554.007
571.818
598.937
584.967
569.786
552.963
553.95
560.495
575.732
568.549
573.25
582.319
571.211
586.165
591.464
553.007
566.317
565.842
573.554
567.574
563.152
566.783
561.5
596.198
633.609
629.904
608.428
599.988
606.276
606.674
601.637
598.178
557.573
560.327
555.309
576.427
587.399
566.121
569.445
567.127
558.59
566.146
561.102
570.839
561.484
600.174
620.344
631.865
604.734
602.982
608.26
604.413
606.936
586.761
559.808
554.834
557.144
584.262
587.72
569.94
557.194
555.756
559.326
560.959
555.282
560.72
573.141
593.166
632.261
634.837
596.274
606.805
605.817
614.258
600.461
580.933
560.847
557.878
558.952
571.156
595.455
565.052
560.843
553.438
564.632
560.209
561.83
566.792
563.404
608.184
616.927
642.73
609.891
613.087
602.276
612.001
629.338
554.743
559.755
559.998
571.853
571.178
602.241
567.2
564.424
561.872
575.283
574.725
568.762
559.835
559.307
607.283
608.443
652.238
613.498
606.527
602.68
605.517
609.681
555.513
555.628
573.489
560.317
562.41
618.83
566.71
560.635
561.969
573.349
561.407
557.757
561.14
558.985
637.35
615.903
697.395
613.045
619.45
607.815
617.541
617.016
572.588
564.297
566.28
573.815
572.051
607.289
565.702
563.704
590.163
571.782
558.982
563.615
562.496
595.77
613.261
599.424
647.362
604.555
607.329
609.504
573.517
565.647
562.157
567.7
567.007
560.266
558.701
585.598
598.897
574.213
569.013
562.891
575.269
620.977
614.062
602.472
605.376
605.518
627.563
612.094
561.993
569.603
561.433
564.569
564.49
562.74
562.457
567.25
574.567
585.578
586.721
590.537
601.931
610.333
614.271
613.292
612.326
606.578
609.022
612.787
576.837
602.893
554.206
565.847
562.483
566.799
562.899
563.858
578.698
563.677
559.463
580.809
591.149
584.487
606.343
614.398
604.958
605.261
603.224
604.603
608.119
638.391
586.966
593.442
564.623
558.293
562.565
563.524
560.099
568.888
558.558
567.987
563.269
580.817
602.755
557.508
634.216
654.892
659.898
644.4
610.632
609.718
617.246
615.557
620.545
617.283
576.453
571.045
569.414
577.688
568.327
582.705
585.7
588.244
589.255
579.783
586.73
586.672
568.476
573.724
611.835
606.491
633.019
616.705
621.952
623.859
562.541
576.716
586.671
583.939
560.815
562.095
559.79
567.972
562.602
568.972
582.334
565.691
561.8
627.099
641.302
654.692
607.555
623.018
614.583
605.021
615.966
568.61
585.619
583.659
567.306
599.461
604.35
570.787
568.25
558.334
587.205
566.425
567.105
566.987
565.479
567.251
610.913
662.791
613.369
598.972
604.658
611.96
604.622
600.102
616.517
610.758
588.675
566.627
606.952
565.168
561.696
628.067
572.27
564.52
560.908
557.687
558.98
561.869
566.471
608.16
632.285
605.644
609.411
608.435
621.258
605.194
603.522
604.149
602.94
560.076
577.94
600.645
561.518
563.383
572.23
561.22
562.606
556.089
571.834
559.587
554.432
575.179
637.825
614.714
608.501
619.923
612.83
597.803
609.792
600.623
615.136
573.29
554.953
589.413
582.674
563.048
560.222
560.617
578.607
566.679
563.938
602.098
567.118
563.399
605.382
647.469
613.507
605.126
587.901
568.706
558.778
565.943
582.72
565.863
566.719
582.75
615.529
563.485
579.046
574.904
566.752
561.875
560.007
575.407
580.47
576.04
606.48
615.868
569.152
563.255
561.661
607.924
606.923
614.515
608.645
608.661
610.315
622.752
647.825
626.158
565.956
565.862
558.26
568.96
572.496
567.616
588.613
572.347
566.05
598.371
595.3
565.223
564.344
571.214
566.165
574.301
569.814
564.848
567.731
564.556
582.82
605.582
575.495
612.846
605.274
619.808
616.109
626.326
606.352
606.341
609.957
612.104
616.692
575.435
569.741
564.971
569.026
565.951
565.799
567.062
572.174
574.27
567.207
588.77
595.921
609.634
605.992
614.736
606.313
609.163
603.394
607.879
605.109
607.661
593.966
600.828
568.886
565.518
556.423
571.466
561.74
575.577
562.57
555.267
560.132
574.362
600.397
637.557
616.616
600.588
614
606.788
607.615
613.578
617.02
585.565
557.049
624.841
584.679
563.012
566.357
574.52
602.442
566.05
570
561.134
567.431
560.824
614.053
641.178
606.873
616.641
616.029
612.784
628.003
612.686
616.683
605.45
569.039
595.085
604.569
581.263
576.993
569.018
570.679
567.623
567.491
567.676
569.62
561.205
580.714
642.681
618.295
606.235
608.173
630.719
605.29
612.853
605.908
606.517
566.728
578.56
615.963
569.761
557.617
565.932
564.761
564.763
569.073
561.268
565.26
575.805
569.5
628.895
630.806
623.723
601.563
614.196
600.192
613.732
608.681
610.696
573.447
559.11
583.328
594.958
564.279
565.033
556.201
575.934
558.777
560.741
563.24
560.075
562.04
570.831
685.63
619.025
603.687
617.846
608.517
608.701
617.994
629.192
556.64
564.788
555.739
599.183
584.184
569.812
568.549
571.445
570.928
568.645
567.195
563.88
586.864
564.079
636.337
644.217
616.592
628.639
628.553
609.003
566.43
578.596
564.403
583.138
574.913
600.762
604.46
566.097
568.642
574.789
577.516
591.558
585.277
584.432
575.693
578.636
593.144
652.004
611.675
616.731
611.58
621.607
605.988
564.149
579.363
555.364
576.781
594.64
596.865
568.221
585.301
572.682
587.166
587.868
576.203
562.361
564.773
576.423
583.021
653.263
613.709
607.793
608.367
626.402
619.507
565.82
586.941
581.018
577.8
585.393
610.863
576.503
569.382
600.045
589.659
559.659
578.746
570.895
583.489
583.067
599.702
666.88
623.831
615.039
624.291
632.019
644.747
602.898
576.637
568.985
578.086
635.871
610.085
581.849
579.001
576.862
596.708
581.459
584.841
592.688
595.565
583.567
587.026
596.872
637.541
604.052
624.857
625.475
632.657
601.558
566.876
576.048
571.434
570.855
599.498
569.725
562.09
569.07
579.032
578.353
589.016
586.454
561.542
572.42
569.008
659.918
618.989
626.878
632.549
639.174
594.601
577.344
582.286
575.51
582.948
586.498
610.466
578.483
564.784
573.045
587.921
577.181
584.708
582.547
586.667
583.891
581.753
644.088
620.043
613.724
620.907
614.521
611.693
617.382
633.808
570.62
582.903
581.404
577.722
609.416
668.381
573.977
584.754
573.367
573.967
569.457
569.43
590.56
576.806
583.767
603.34
573.841
570.96
569.531
585.349
577.574
572.189
575.968
568.628
574.267
574.398
605.467
573.553
570.549
604.757
623.238
616.738
625.309
618.878
613.74
617.637
615.738
646.77
579.375
582.656
576.293
571.286
573.626
569.277
568.318
566.988
576.659
574.113
610.849
571.287
572.416
566.834
636.062
625.906
618.122
619.869
610.377
618.763
616.446
674.896
572.888
574.41
577.385
572.59
574.817
575.762
678.716
574.703
574.482
582.326
609.362
576.692
569.9
585.648
639.737
621.807
615.835
618.249
611.408
628.325
621.145
647.409
588.897
574.279
566.364
587.323
610.032
580.232
573.624
570.183
585.677
598.455
613.802
581.939
575.004
570.092
639.952
611.771
622.701
620.1
653.099
620.552
623.636
658.455
582.204
571.663
579.339
581.64
571.504
570.303
569.283
565.178
570.21
576.09
605.433
576.393
575.074
569.161
633.542
613.544
630.402
610.623
620.243
616.897
742.649
662.964
579.937
576.471
572.196
579.137
579.931
570.312
576.547
583.374
576.549
576.571
612.416
570.605
573.39
569.663
658.87
621.358
618.768
622.256
618.09
626.091
635.731
654.567
578.725
570.118
573.37
589.784
573.172
584.533
576.422
576.998
578.604
583.593
604.415
580.959
587.949
571.118
639.308
616.843
610.677
612.948
623.638
618.689
622.339
653.683
576.689
570.39
569.927
581.796
575.196
569.83
578.027
576.612
694.609
580.26
619.058
577.724
573.54
583.839
633.417
615.701
633.844
608.952
618.441
621.825
612.931
648.606
569.423
573.884
560.503
573.137
567.77
570.59
567.066
570.587
576.911
572.086
611.09
576.357
567.022
571.896
623.328
615.578
620.395
619.303
620.54
627.334
611.482
657.971
605.125
564.571
573.513
580.553
580.928
569.228
581.774
568.31
572.282
573.155
568.674
606.174
570.337
575.224
582.158
607.923
755.812
662.168
739.948
739.285
631.577
620.981
580.84
576.05
576.764
594.924
572.826
578.45
587.481
589.951
583.061
586.155
652.948
574.128
572.144
591.74
589.2
615.672
611.416
655.283
608.419
584.499
614.442
607.901
573.465
582.37
567.768
585.235
578.296
576.334
586.842
586.633
590.278
647.558
600.106
570.189
564.572
566.39
618.646
624.518
615.403
628.402
630.162
747.994
622.149
632.92
637.531
646.774
733.952
815.782
752.393
719.22
662.242
606.928
585.413
591.702
580.908
656.379
601.814
575.362
581.399
585.013
583.066
575.135
589.263
633.843
623.225
620.145
682.295
637.635
630.254
601.74
598.855
571.518
570.911
573.556
579.044
574.655
574.001
639.208
583.268
572.603
574.226
584.738
580.634
588.512
579.887
577.28
577.305
569.291
767.277
591.605
617.878
623.571
613.165
601.133
577.565
594.501
577.749
573.323
579.317
641.855
577.191
572.567
588.544
575.178
570.753
567.262
568.908
584.245
578.529
586.15
632.594
585.187
584.758
579.605
570.902
573.548
589.279
570.223
609.238
635.136
681.967
623.172
593.188
584.4
571.718
578.207
580.81
576.75
587.509
585.576
578.4
577.256
717.248
653.638
583.334
581.746
590.996
580.068
574.726
599.634
580.283
577.478
572.082
626.658
663.06
627.37
625.496
622.74
632.581
633.202
578.646
587.618
589.598
575.272
650.297
600.763
585.259
575.881
595.283
593.192
591.061
574.772
601.653
582.642
601.3
640.696
578.327
580.627
576.449
601.375
576.258
587.916
581.535
575.649
698.137
634.099
617.18
573.487
577.862
574.913
575.733
568.334
569.458
601.233
577.407
586.735
674.899
580.761
581.076
587.255
573.015
588.982
586.281
587.239
575.611
563.745
581.112
617.859
570.561
577.614
569.218
569.715
568.78
604.652
570.494
587.074
593.695
580.311
605.036
578.067
571.717
573.016
567.243
576.095
568.319
566.328
698.759
617.997
651.494
589.064
585.819
578.309
568.689
593.842
582.038
574.516
589.961
580.769
576.904
658.727
582.61
578.882
574.67
580.975
576.736
578.207
572.797
585.029
579.78
574.814
648.123
581.327
573.924
574.847
572.678
573.434
584.066
580.36
582.534
643.236
626.614
645.902
617.339
611.83
618.744
784.261
621.268
599.801
589.088
586.394
577.365
653.352
576.421
574.389
577.943
573.834
578.829
587.144
587.274
582.253
588.848
581.79
692.122
621.373
621.697
621.247
625.951
630.655
599.567
575.562
572.366
576.003
575.176
648.85
578.611
581.623
575.679
583.407
591.21
584.477
598.096
588.564
594.082
848.08
629.661
613.011
623.912
619.955
615.018
576.237
583.388
588.767
583.552
580.72
632.524
611.232
573.894
577.933
587.482
583.116
592.425
591.373
587.098
588.768
615.703
683.569
631.555
611.478
612.528
623.438
621.666
623.678
571.331
579.277
574.545
582.591
674.059
583.638
624.122
590.595
726.696
609.534
596.502
584.97
587.378
588.322
631.339
643.352
574.83
569.753
620.128
631.305
617.845
633.947
625.404
615.438
577.172
655.499
606.301
579.764
574.057
583.686
598.722
591.083
594.659
589.886
597.986
591.78
657.568
608.018
572.282
605.577
621.14
653.055
625.311
617.982
617.25
761.09
621.36
700.754
585.905
568.947
574.035
567.196
576.025
583.367
576.54
575.07
573.382
582.614
677.068
581.92
588.423
581.586
573.121
571.813
574.322
577.272
571.995
594.074
578.772
683.483
577.863
568.396
572.939
573.434
590.678
572.473
567.781
568.774
583.998
573.786
684.178
734.175
595.669
572.533
584.265
581.003
582.289
589.284
570.405
569.496
605.598
649.383
574.46
575.635
576.32
605.033
614.668
616.452
615.543
616.426
628.934
682.339
651.179
614.851
574.781
579.434
573.935
582.992
575.832
573.448
574.549
574.524
637.94
579.37
577.701
568.849
573.054
758.042
614.563
628.225
625.636
616.103
610.682
718.538
640.618
574.022
573.131
579.516
573.534
572.727
573.161
575.07
570.949
613.752
614.575
567.469
572.384
569.923
577.646
614.712
625.299
636.47
624.694
615.4
663.217
618.101
583.597
578.618
569.182
578.149
573.187
572.876
713.519
577.194
578.086
610.754
648.696
581.833
628.061
609.888
635.763
623.955
619.647
616.358
624.71
624.171
645.538
642.383
574.973
569.621
569.708
581.537
564.079
576.751
568.41
575.735
587.311
593.34
678.031
585.089
590.345
577.149
571.15
572.439
573.209
569.861
717.566
599.347
621.533
639.232
581.267
572.947
567.091
602.501
587.342
574.847
571.822
569.777
574.843
617.26
648.052
578.878
570.531
571.301
575.653
567.867
567.86
586.579
603.705
571.278
583.947
636.183
575.146
586.728
578.967
576.469
568.173
571.462
573.65
716.756
566.929
624.038
612.904
575.6
571.514
567.84
573.425
576.757
571.468
577.465
573.367
571.705
603.211
618.17
585.474
569.623
569.906
576.94
567.005
572.288
567.077
585.775
579.868
591.039
634.634
577.996
567.118
566.389
587.17
575.977
574.572
726.326
569.093
593.948
644.337
612.025
576.344
567.947
629.46
618.376
614.844
618.596
610.098
618.876
618.419
607.838
630.227
576.278
583.709
593.272
596.721
578.64
584.557
578.077
590.536
595.431
606.191
616.068
574.737
580.83
586.516
595.309
588.535
586.971
722.887
582.865
603.728
683.434
628.727
634.739
630.524
630.885
645.85
579.639
594.305
592.679
588.674
594.665
652.255
586.595
571.04
583.231
582.842
579.17
581.054
572.636
578.495
576.492
602.155
640.127
580.482
577.949
575.695
582.099
570.33
728.274
577.64
573.995
595.135
623.975
604.927
577.375
594.055
571.143
579.386
579.211
575.828
585.202
580.607
579.479
599.587
684.615
620.83
612.37
626.627
616.492
623.757
621.982
619.69
611.728
573.207
594.128
621.415
573.822
574.201
572.774
731.842
571.582
597.497
587.791
573.526
588.872
605.266
608.97
624.436
622.473
638.899
634.32
626.129
626.404
573.383
590.988
613.349
645.919
590.191
573.316
577.371
597.173
572.601
571.123
589.598
586.331
593.157
584.382
631.12
637.665
632.272
637.836
780.757
633.055
654.494
621.506
605.938
576.917
590.719
643.932
571.524
581.294
570.237
576
569.111
576.142
580.042
572.887
596.537
590.18
625.7
584.486
569.206
570.532
579.887
596.692
569.918
571.016
578.108
574.531
576.324
640.752
727.819
571.281
567.131
599.303
566.006
568.621
589.101
571.239
575.02
595.127
626.713
579.484
574.183
584.159
574.318
577.077
580.99
579.151
575.481
582.601
584.969
624.14
575.359
576.477
589.838
595.041
590.441
628.64
618.423
631.809
630.691
791.881
644.221
592.783
591.516
579.966
585.426
589.947
593.709
594.289
593.746
587.277
586.498
609.533
574.156
583.633
596.128
586.297
605.392
638.91
636.729
636.242
644.078
651.368
608.755
576.467
581.094
594.002
590.324
599.811
728.726
593.5
593.706
612.65
647.974
578.217
591.742
577.785
593.943
597.081
585.086
576.307
590.231
636.541
629.91
663.547
637.636
625.124
601.033
586.636
584.47
573.704
578.751
575.211
576.048
573.231
579.551
588.886
578.122
724.297
606.605
636.442
645.384
631.579
623.764
621.049
622.412
628.802
632.362
584.821
581.83
588.798
583.998
575.199
585.45
578.607
585.665
582.481
592.778
574.153
583.93
575.974
588.115
577.989
581.007
580.099
575.335
578.762
580.832
730.58
573.281
609.463
605.679
580.921
584.153
582.898
583.377
575.409
576.617
592.408
607.232
584.462
584.001
607.536
582.83
573.619
567.832
575.557
569.599
571.851
591.987
571.792
574.608
579.01
568.79
568.857
572.951
577.587
713.438
567.876
569.852
602.502
622.004
593.102
587.866
574.072
578.961
578.393
571.179
579.907
592.865
570.223
610.874
582.834
578.406
580.307
570.891
579.882
568.191
577.077
575.311
571.525
572.042
586.933
586
572.876
576.371
725.318
577.096
573.86
603.446
570.797
577.575
578.47
595.055
578.513
583.053
584.903
572.419
577.235
578.587
575.563
578.95
579.746
596.245
608.084
573.016
574.006
573.796
572.703
575.62
582.008
575.787
580.229
571.658
716.78
589.346
578.626
598.856
572.177
603.117
614.081
615.228
626.842
628.833
613.221
574.89
604.797
576.412
577.178
570.257
576.857
566.923
588.833
571.802
579.518
587.617
585.657
674.542
614.001
594.757
581.755
594.471
763.854
600.982
596.549
616.081
595.039
596.45
589.86
702.254
585.455
623.388
629.003
628.319
626.411
643.282
635.543
587.315
591.368
635.02
646.546
583.558
581.42
594.499
590.023
592.206
587.072
590.342
603.467
746.615
679.136
581.617
602.407
596.691
654.855
634.653
643.21
633.526
641.29
641.133
650.457
611.49
593.415
567.565
575.144
582.768
574.723
573.963
578.492
584.953
578.071
642.516
655.122
623.135
619.738
631.19
619.456
648.226
792.047
628.949
606.028
604.167
687.563
576.204
575.064
573.8
583.556
573.513
583.368
605.114
587.473
580.968
586.817
707.973
628.19
639.326
620.308
631.232
612.029
573.902
575.802
589.086
582.56
597.182
618.714
731.985
569.527
576.199
611.112
598.227
575.658
572.328
580.095
576.613
599.146
581.904
595.096
581.003
576.747
577.659
577.98
571.404
594.673
584.126
576.462
593.942
580.103
577.905
579.736
588.494
587.775
572.11
722.371
571.363
567.459
587.83
607.708
578.103
579.419
569.9
575.64
575.061
589.162
575.443
571.082
574.546
565.64
582.676
582.178
573.567
581.685
569.057
578.967
571.399
573.689
578.474
601.341
581.781
584.37
636
740.888
574.482
598.958
586.257
605.172
578.606
592.231
576.796
582.679
593.405
613.218
571.694
580.739
580.103
579.019
578.061
591.767
586.668
576.989
574.768
609.54
608.697
597.304
578.439
582.159
575.773
574.371
569.419
733.326
573.73
592.829
662.686
597.968
574.243
572.061
587.258
600.113
588.629
574.582
575.073
580.679
573.985
638.757
592.9
589.294
581.245
581.672
579.936
577.032
575.03
599.83
596.051
576.638
598.497
598.703
741.529
590.568
578.392
579.371
594.455
591.244
576.62
578.368
583.699
586.544
625.98
604.47
615.559
624.212
619.39
638.913
620.52
621.697
620.7
606.903
600.469
625.182
574.598
579.763
574.602
585.424
585.477
585.679
730.828
578.193
595.726
642.225
623.377
583.219
587.563
639.241
631.772
640.538
640.993
634.633
625.739
592.929
643.853
574.624
581.009
574.865
586.513
590.948
585.825
576.771
579.992
579.379
573.116
604.245
637.954
629.227
790.332
619.724
624.826
642.771
645.403
622.11
576.269
585.168
632.691
581.846
576.323
584.259
581.357
587.635
594.227
602.626
586.468
587.652
595.259
631.828
581.44
628.713
621.932
620.764
623.981
619.486
636.261
771.763
593.372
602.66
614.973
609.409
598.745
588.226
584.444
584.521
593.718
591.525
577.011
594.037
598.615
616.706
582.505
574.046
586.391
575.221
582.139
583.892
591.744
585.969
592.989
637.704
666.76
623.74
620.287
795.574
618.939
631.466
624.448
601.462
577.25
574.551
634.308
577.455
578.176
573.697
579.748
578.615
577.263
584.393
587.178
587.591
621.048
698.677
624.446
620.053
623.899
635.912
606.644
574.786
590.572
591.578
743.009
596.809
616.272
579.027
600.758
583.046
585.256
586.846
587.528
591.583
589.468
625.309
641.756
677.518
623.757
629.035
636.398
581.643
592.072
594.1
592.779
606.461
583.477
617.043
609.123
580.871
583.941
751.082
596.551
578.243
583.556
652.394
627.448
685.742
688.226
624.116
625.743
579.87
594.06
581.636
592.982
599.351
586.877
599.354
596.244
627.532
582.497
594.234
574.186
574.502
569.967
571.576
581.966
593.629
592.073
582.69
767.691
577.442
573.894
573.492
597.33
611.439
575.391
573.489
574.435
566.934
622.538
597.552
615.187
575.235
567.892
580.275
582.451
577.559
600.549
585.789
571.301
639.523
579.315
576.36
572.556
581.149
574.955
736.679
572.544
569.393
571.339
617.856
634.301
577.288
573.977
571.383
577.886
580.204
582.991
586.206
581.989
578.061
604.216
612.649
570.147
574.767
587.54
583.747
576.068
575.876
568.974
576.394
582.154
589.818
774.435
609.901
615.433
616.712
616.767
659.788
633.066
574.998
579.973
596.297
592.86
618.676
577.422
569.518
573.199
578.408
582.245
571.3
584.816
576.19
576.28
593.909
620.29
573.564
616.037
620.573
624.742
627.736
791.646
621.097
620.845
634.665
681.812
591.262
592.908
575.876
574.039
582.661
586.859
585.298
577.085
577.666
581.389
635.63
577.539
588.653
576.823
579.896
580.59
577.434
576.886
583.261
582.092
585.221
625.096
578.203
579.489
814.35
632.835
622.918
618.888
651.011
640.471
619.002
649.818
624.314
583.003
583.351
576.818
573.346
574.062
598.523
586.298
578.452
582.069
603.388
619.849
571.757
585.528
583.592
578.536
580.412
581.279
580.175
765.199
606.097
633.829
578.461
603.92
590.398
594.133
598.058
584.871
594.975
592.293
586.236
597.923
628.072
588.411
604.113
583.401
588.933
588.486
583.45
633.474
621.775
638.833
644.768
661.215
609.994
577.969
584.834
750.084
587.525
591.906
586.387
607.71
592.188
603.925
628.659
579.333
582.563
596.31
589.208
597.688
610.104
595.098
644.255
633.722
669.328
632.948
623.421
620.935
586.929
599.819
590.599
578.753
594.378
577.676
758.853
618.119
579.87
583.804
601.47
609.718
606.753
589.432
591.417
588.558
592.638
673.583
633.426
630.275
635.192
642.247
621.072
592.01
576.367
592.64
592.573
599.237
623.171
587.691
589.117
580.343
576.039
567.287
576.77
732.846
567.631
586.477
612.053
620.274
606.509
597.673
594.26
572.187
598.633
586.566
590.718
584.021
575.783
646.034
586.189
580.551
571.719
579.175
570.954
582.937
578.944
597.977
575.265
592.959
620.447
579.129
573.438
566.417
753.832
574.652
570.37
574.672
603.944
579.473
651.157
589.389
574.631
573.814
575.141
588.295
576.742
593.958
582.757
582.701
599.528
625.602
579.507
582.975
588.143
573.334
577.372
577.122
581.208
583.116
581.277
598.585
794.308
618.875
613.571
625.691
573.059
631.026
595.005
580.66
589.603
567.307
646.35
583.117
594.074
576.503
570.082
573.99
573.325
575.377
579.594
594.91
594.462
627.896
584.078
576.306
567.371
577.57
599.768
572.995
576.395
734.913
571.278
636.991
615.247
586.979
605.282
593.763
572.63
569.544
574.008
584.166
576.561
573.283
630.395
582.57
576.053
576.16
589.174
575.958
570.758
577.226
578.661
577.66
573.175
647.381
587.041
578.574
593.699
581.848
741.519
592.703
576.094
571.496
574.73
632.062
636.066
599.595
586.798
606.604
580.648
569.946
572.362
576.34
574.136
598.622
606.435
616.908
576.144
590.871
579.918
576.113
696.242
647.353
663.183
745.838
803.095
776.937
662.951
949.325
617.468
609.978
605.192
615.457
630.132
596.941
612.535
600.392
591.193
596.906
609.068
587.036
589.072
607.253
595.185
589.53
599.316
603.329
603.292
513.991
511.148
504.648
507.348
504.711
605.668
596.228
600.813
615.942
602.74
673.174
613.378
626.314
565.811
573.682
636.337
607.508
601.389
606.799
596.996
584.607
583.627
583.241
577.145
586.778
590.422
598.608
588.153
586.079
589.421
579.997
593.272
598.234
593.106
593.065
601.511
599.989
594.841
589.82
719.675
629.639
605.595
589.675
583.422
585.582
630.405
612.014
594.193
600.319
607.226
636.646
614.008
638.079
594.259
594.957
592.541
604.999
589.586
611.938
590.413
581.967
584.232
606.95
643.817
607.569
581.969
585.811
588.903
581.757
586.37
746.253
596.114
588.874
593.259
628.863
575.755
615.155
630.837
640.57
637.473
638.461
638.523
631.098
581.99
624.532
613.85
578.66
585.104
599.742
591.613
584.395
608.711
600.092
591.089
594.909
649.959
577.496
585.824
579.773
601.376
592.027
753.19
597.292
595.495
656.126
623.191
662.28
672.032
612.869
593.11
618.656
593.514
590.203
590.165
585.305
584.033
611.299
630.544
582.208
579.112
582.176
574.74
583.212
576.168
630.815
580.621
572.267
620.928
600.143
581.635
645.508
619.361
803.665
620.791
619.291
620.78
623.228
657.118
650.377
605.098
587.872
598.056
582.254
600.652
596.425
595.931
588.138
590.558
630.594
593.766
601.206
593.674
600.914
591.325
590.885
596.418
618.026
625.229
650.156
669.168
625.172
625.323
601.024
757.416
581.497
584.845
578.426
583.486
575.49
660.994
592.34
603.903
579.569
587.732
664.697
624.137
637.555
627.554
623.201
637.538
663.76
582.532
586.481
574.313
593.247
595.039
577.789
584.378
584.04
599.696
606.552
612.176
588.255
589.57
603.772
770.742
590.946
597.902
590.655
633.301
651.62
699.086
643.668
631.704
620.492
633.618
626.449
576.993
584.289
574.49
578.211
599.811
603.425
584.249
578.976
597.739
575.809
585.019
579.394
580.049
640.32
627.472
661.671
630.44
622.379
630.326
573.807
743.898
595.838
573.691
579.084
579.237
585.823
642.853
581.169
595.69
592.237
576.891
640.451
621.386
621.863
629.676
620.5
702.057
578.191
580.682
574.405
586.701
594.95
591.574
592.028
593.585
592.704
625.51
623.024
586.983
577.13
590.933
603.567
628.665
793.206
641.137
636.516
650.473
635.226
620.576
578.464
613.003
595.965
579.707
579.413
580.131
582.865
579.091
601.675
625.334
579.902
585.67
586.485
575.243
576.922
598.136
575.542
578.462
580.592
631.985
607.222
604.539
619.99
583.216
594.362
580.352
736.071
577.498
591.155
576.952
628.436
590.991
624.045
578.196
597.028
601.444
578.897
598.517
586.283
582.493
582.634
640.178
590.776
581.348
579.497
585.218
579.187
580.55
593.108
584.416
585.297
595.218
619.483
589.296
586.677
587.914
636.704
630.069
626.402
798.639
622.909
636.464
647.06
636.13
581.516
618.616
572.065
598.548
583.918
574.524
575.36
579.481
580.916
623.011
590.997
584.621
583.882
623.4
628.779
632.784
632.87
636.611
634.379
623.789
681.944
595.626
587.011
589.238
575.43
579.939
576.736
577.141
580.002
580.447
768.378
611.603
589.566
572.936
607.764
625.428
674.656
622.528
636.747
614.371
617.59
671.807
611.475
590.936
575.702
578.211
583.902
578.152
585.934
575.835
591.973
599.224
619.535
582.758
583.144
585.698
602.305
614.139
662.474
632.341
628.923
610.986
620.469
621.084
756.171
583.155
589.711
581.82
585.21
596.937
621.53
579.925
594.675
646.604
589.252
585.607
585.65
633.753
636.8
645.088
633.455
617.285
610.9
607.741
640.252
589.182
575.928
588.72
598.363
603.476
577.14
581.541
580.954
581.413
613.131
646.384
625.107
625.032
625.166
813.946
625.54
596.863
580.567
578.509
575.985
683.472
596.122
597.624
581.79
587.184
580.937
582.479
581.335
581.45
649.053
636.633
672.652
631.197
628.948
624.687
626.098
643.642
616.61
583.066
583.225
580.101
590.807
628.314
593.951
576.185
569.388
583.533
574.549
575.056
731.028
595.048
577.399
609.582
619.375
600.888
589.036
636.455
593.05
609.309
601.407
598.008
600.903
599.544
645.832
597.384
591.629
593.847
603.534
595.436
597.268
620.371
627.526
647.174
648.258
670.384
648.283
583.443
582.586
604.397
602.129
595.695
589.813
591.647
599.104
621.43
755.442
601.438
599.147
590.948
597.666
658.386
592.051
662.557
631.679
690.98
686.59
630.868
627.146
583.182
597.765
597.221
593.173
599.212
586.338
584.205
624.527
593.349
590.526
581.056
600.474
598.01
595.136
598.48
646.066
639.113
637.565
674.797
640.32
629.361
589.283
603.91
615.951
698.51
629.125
592.386
592.817
618.032
603.464
600.766
620.337
591.374
607.036
595.821
584.763
605.429
603.549
644.237
676.888
632.746
642.252
640.407
637.485
586.965
598.754
603.481
600.45
598.004
617.698
615.401
594.869
580.187
591.841
596.896
593.508
602.831
577.843
589.668
620.998
686.032
638.053
815.274
636.702
613.625
589.029
598.615
621.858
594.46
635.809
604.598
625.728
622.258
592.417
587.315
596.637
590.191
598.751
601.816
602.973
599.442
697.948
641.596
622.379
635.085
644.606
637.528
584.238
587.055
589.05
604.831
614.774
619.765
584.017
595.713
598.861
582.446
595.7
587.242
601.151
740.536
597.74
650.117
625.847
631.068
628.663
635.774
609.947
604.655
597.311
595.058
582.394
607.029
625.11
598.683
588.293
589.567
591.054
586.218
587.142
584.869
596.273
577.793
594.415
621.439
588.718
575.904
579.406
593.832
576.788
579.545
570.008
572.93
570.61
592.487
627.506
581.57
578.479
637.41
781.282
614.691
629.484
615.157
624.946
626.739
654.229
628.188
594.785
595.937
596.162
580.532
577.356
569.013
578.213
589.394
575.198
638.03
599.536
589.937
635.851
621.46
643.304
626.152
618.283
623.935
624.957
644.533
627.561
598.947
583.441
580.707
581.16
580.29
578.783
599.942
587.217
580.188
594.437
730.307
621.168
573.4
583.843
581.855
575.018
572.078
585.827
614.11
583.288
656.105
610.202
591.797
584.242
600.04
602.5
638.912
627.18
638.198
634.241
638.218
669.169
612.675
582.353
590.751
593.466
586.452
589.359
584.849
596.247
587.623
593.598
627.639
580.77
641.335
631.746
647.018
641.112
639.536
620.906
738.861
592.61
623.28
601.034
583.859
583.516
589.701
612.219
608.138
594.136
586.417
582.264
593.137
642.932
597.661
596.882
587.955
591.298
585.437
590.856
586.955
587.214
602.166
590.122
655.942
592.208
579.176
579.99
571.995
620.145
630.515
626.268
626.204
625.127
633.576
707.624
741.634
614.524
579.118
590.39
584.335
584.632
613.925
595.978
579.124
605.808
608.062
590.015
589.121
616.171
623.802
628.04
633.159
626.434
628.556
642.82
664.967
653.999
631.901
583.434
587.282
592.04
584.895
595.746
585.649
573.484
585.722
634.172
603.046
687.561
586.279
633.936
638.188
646.064
667.034
643.218
637.571
641.632
677.018
605.251
589.686
573.896
582.119
581.457
582.987
580.037
572.965
578.208
598.805
623.682
590.811
578.49
578.569
586.929
588.765
577.107
585.313
584.875
587.035
598.211
618.908
638.535
732.49
634.606
622.87
644.365
647.21
665.736
657.053
603.72
646.427
592.815
587.652
596.815
585.078
604.351
590.075
595.098
600.536
594.58
607.581
622.048
589.287
585.896
582.317
629.275
618.168
639.64
640.095
630.575
643.788
659.181
762.893
595.409
585.63
614.6
610.971
612.978
606.889
603.656
576.968
590.37
628.142
621.009
615.562
653.675
659.593
644.723
648.149
635.996
640.207
653.562
658.339
592.927
654.823
612.782
597.848
587.718
613.878
590.178
699.901
593.606
596.568
610.264
614.947
704.601
645.193
628.477
626.397
634.325
628.838
642.614
633.288
619.681
586.53
630.801
644.124
585.663
600.45
584.577
603.128
600.284
585.497
595.499
592.3
598.939
612.28
760.96
639.251
659.601
640.847
667.03
630.711
630.083
608.249
588.974
583.086
611.889
596.657
584.36
584.519
584.234
597.055
584.252
587.636
587.64
586.246
582.637
637.158
634.144
645.463
661.948
630.411
737.962
638.839
649.619
614.504
590.938
588.132
604.957
597.545
590.077
590.893
594.682
592.465
584.426
590.972
579.005
590.497
617.896
652.767
640.019
636.918
634.319
638.289
627.522
640.479
670.885
614.009
587.326
627.219
608.642
584.589
595.395
586.23
589.09
588.487
588.483
586.904
592.139
584.309
656.199
653.2
638.08
631.851
620.258
645.351
630.404
606.737
586.299
678.622
616.898
605.067
626.699
590.571
585.124
587.068
579.862
584.126
590.221
578.986
585.293
628.168
704.231
635.092
631.116
626.696
632.147
634.387
626.78
589.919
588.774
679.78
598.901
628.284
580.321
617.303
587.018
604.727
583.861
595.648
594.167
603.919
597.5
614.574
699.575
632.6
632.231
634.725
656.544
634.451
605.256
587.162
602.672
696.955
615.444
653.216
588.863
628.739
595.834
595.189
597.944
602.559
602.998
604.788
588.736
652.196
599.061
625.893
632.825
636.234
659.985
646.518
632.217
592.321
600.423
716.015
669.802
601.536
610.973
600.447
612.265
602.895
604.749
588.294
596.651
612.322
634.309
615.842
637.508
646.934
641.413
648.925
642.161
626.896
598.93
601.289
681.587
690.41
595.063
622.613
605.009
608.967
606.515
597.599
601.194
602.889
600.59
608.183
645.268
592.743
588.073
650.876
638.602
638.598
636.649
645.75
726.213
613.615
611.607
640.517
599.94
600.057
622.255
598.962
599.253
581.945
583.826
595.919
616.591
659.665
597.431
624.173
630.109
633.402
649.94
640.467
748
672.462
666.215
633.298
642.024
591.001
582.978
586.931
590.923
589.541
591.679
594.52
590.739
591.179
600.007
630.97
616.049
639.136
638.418
737.358
671.94
635.676
638.046
695.754
614.833
655.448
589.592
586.76
599.271
596.19
598.114
593.106
595.12
596.248
596.862
609.051
643.611
618.539
630.689
732.597
677.169
636.837
664.088
658.498
633.449
616.571
645.027
613.701
590.67
598.209
592.229
590.434
588.171
598.201
611.69
607.328
601.817
653.994
694.52
624.504
648.972
675.635
678.309
654.992
662.646
607.626
604.78
615.848
650.994
595.976
591.686
598.59
611.058
605.405
606.891
609.522
608.375
751.898
635.554
592.889
626.159
617.709
587.283
628.488
644.594
650.3
650.07
659.952
658.098
630.065
591.653
591.721
590.353
595.904
606.549
703.585
641.959
605.447
622.074
695.751
618.525
596.371
592.069
604.057
587.4
615.137
649.682
645.107
651.313
667.072
664.348
599.627
616.177
696.153
638.625
603.385
604.471
639.802
626.282
612.745
635.783
591.933
598.354
609.484
610.346
586.565
592.156
632.935
633.394
643.543
692.539
758.559
677.51
597.507
612.735
633.383
629.222
604.385
609.225
598.593
615.6
647.686
604.351
593.613
593.028
649.224
594.47
595.172
610.4
737.054
606.687
708.518
647.852
682.693
663.273
646.408
644.197
643.069
663.164
594.26
597.218
603.217
635.262
598.737
596.538
600.078
615.754
744.523
609.24
605.406
608.68
648.479
650.412
623.741
596.398
606.413
618.785
608.241
610.095
609.006
602.284
658.043
671.869
688.95
642.799
784.593
647.032
638.299
620.774
638.872
595.46
621.073
594.181
647.503
601.324
603.733
595.468
597.957
601.221
594.188
603.871
604.365
657.878
781.359
721.036
645.424
638.895
674.711
628.946
617.594
599.625
604.7
595.052
606.22
643.178
607.142
604.819
608.566
606.674
649.079
646.359
813.373
648.326
666.952
693.189
648.417
625.808
616.256
611.245
601.283
607.374
597.779
598.391
605.406
645.047
605.95
597.785
651.045
639.858
805.568
644.847
659.352
593.801
642.281
665.921
636.309
609.308
591.424
599.446
598.426
595.175
602.496
617.982
600.436
615.847
611.544
612.098
742.212
619.992
603.893
593.363
656.399
623.2
612.36
637.774
610.524
602.344
598.5
599.016
605.752
600.003
605.821
600.533
602.365
748.664
630.863
601.169
598.195
627.471
726.507
660.795
679.355
661.376
654.796
652.784
631.735
623.879
596.777
596.716
603.12
605.733
597.274
712.687
631.737
595.617
595.85
762.321
660.283
671.439
674.427
597.578
602.673
608.293
621.414
621.449
618.022
652.4
596.633
608.444
607.271
756.506
601.674
597.749
596.103
605.14
682.783
623.902
649.601
630.212
599.547
644.682
650.539
660.679
644.828
624.206
595.825
617.641
647.527
749.882
591.205
590.963
592.348
591.436
658.953
593.796
643.562
626.256
661.966
606.407
601.854
592.658
615.721
600.454
604.175
597.763
598.15
717.408
667.143
646.508
603.113
592.849
668.394
593.054
624.968
634.145
600.726
598.148
605.388
640.596
602.434
609.77
611.662
594.578
604.187
714.4
628.931
596.937
609.979
629.543
680.582
596.105
634.589
614.605
625.62
612.835
594.742
598.946
608.623
650.779
646.923
600.446
603.812
598.713
747.897
591.823
591.107
606.466
597.794
690.051
671.12
642.401
595.956
643.725
624.87
601.284
606.378
602.809
599.053
608.467
713.589
651.206
658.48
810.861
600.999
609.664
614.796
594.077
673.533
594.387
680.727
637.573
638.435
624.564
623.37
617.382
614.128
617.579
629.883
602.838
694.823
616.466
750.955
610.189
598.874
626.225
617.948
685.765
597.844
593.883
758.603
645.911
616.928
635.666
626.444
609.854
612.821
616.57
610.369
608.887
687.501
609.398
762.219
678.604
646.87
650.205
632.232
689.589
634.953
601.92
753.601
609.188
639.924
627.897
633.479
608.559
627.765
613.595
607.619
608.593
692.165
612.232
784.86
637.738
612.053
599
607.694
700.997
626.129
609.96
712.902
606.324
637.017
637.21
636.481
737.652
699.57
704.096
791.594
820.364
721.257
682.226
707.745
870.283
611.577
606.811
625.236
604.678
710.399
674.177
634.408
692.282
686.872
671.258
739.961
722.898
688.994
714.806
690.721
676.78
659.993
672.787
645.538
791.49
606.644
612.259
607.256
601.09
703.863
611.818
625.879
706.834
638.752
643.458
645.018
625.716
652.741
619.816
608.495
614.193
605.473
641.537
644.006
652.202
830.51
653.574
655.607
655.542
662.022
777.88
668.174
645.69
680.858
599.495
658.786
612.362
635.508
646.132
639.355
630.933
625.581
664.813
614.487
609.434
609.534
616.052
793.819
610.749
612.981
611.529
609.181
787.344
685.82
613.838
706.839
615.685
607.17
670.207
641.43
655.949
636.01
632.336
646.304
647.639
684.334
634.277
620.785
623.655
610.364
781.156
602.09
617.474
608.656
636.144
747.26
602.843
604.761
757.586
644.883
704.68
651.127
690.155
674.906
713.25
690.322
643.867
609.154
630.784
600.089
614.423
610.368
606.455
779.785
640.454
641.345
605.375
609.546
729.503
603.641
604.11
596.572
687.689
608.192
634.722
698.625
724.541
649.442
691.854
680.781
679.901
676.378
683.64
659.159
645.285
699.122
616.633
618.955
628.768
776.934
607.525
623.667
616.092
744.296
659.98
624.033
614.224
713.819
622.532
617.522
692.924
643.823
702.416
694.957
709.85
723.554
674.247
616.866
642.282
635.743
616.003
606.856
615.137
619.799
670.878
794.266
608.197
600.781
602.763
603.531
732.855
621.819
600.511
596.33
781
609.639
599.692
697.635
623.422
666.234
606.312
659.436
637.901
684.549
708.782
645.793
629.576
646.716
644.806
622.383
650.035
656.882
661.013
662.529
905.627
623.434
611.887
601.368
767.401
625.946
631.799
624.91
726.96
638.069
645.913
688.053
610.598
681.821
603.867
652.838
619.025
663.136
675.831
708.401
742.413
682.762
701.327
709.367
608.488
619.777
627.022
619.293
626.513
835.125
632.811
605.867
605.821
600.004
736.99
597.265
600.518
611.941
713.907
636.975
632.805
698.757
598.677
680.418
602.403
659.933
596.52
649.197
640.689
691.161
668.456
642.294
633.597
646.348
613.144
633.43
614.986
611.76
600.293
846.08
625.986
611.99
630.188
773.244
608.662
611.803
602.824
726.194
610.926
682.89
712.689
609.41
