101.921
198.175
214.825
261.701
297.068
414.703
436.861
502.548
461.01
486.428
502.626
538.134
587.495
621.218
648.059
670.511
677.774
766.972
959.644
947.893
823.987
816.758
914.523
1035.39
1175.19
1225.32
1256.58
1194.61
1373.77
1171.5
1178.66
1251.54
1274.23
1381.26
1284.76
1215.61
1463.8
1281.37
1246.31
1336.55
1117.86
1296.01
1398.23
1241.62
1353.29
1384.93
1654.38
1354.77
1352.6
1350.78
1604.96
1575.17
1415.18
1466.57
1580.71
1664.81
1635.29
1705.31
2006.56
1711.62
1516.76
1831.17
1768.92
1741.53
1765.5
1826.92
1905.04
2168.9
1800.74
1930.84
1937.62
1962.53
1749.29
1924.7
1786.97
1991.96
2121.36
2068.32
1868.44
1966.7
1801.19
2081.12
2248.33
2070.49
1891.62
2016.88
2437.93
2369.88
1892.29
1885.75
2319.21
2197.93
1929.31
2095.19
2175.21
2112.28
1681.72
2264.23
2223.3
2197.2
2226.67
2152.59
2303.56
1987.31
2509.01
2161.13
2657.25
2161.24
2191.32
2967.26
2728.76
2245.38
2376.79
2288.18
2198.63
2469.07
2478.37
2375.62
2532.87
2275.48
2400.2
2493.55
2404.18
2597.23
2880.02
2323.37
2335.83
2455.98
2605.8
2634.36
2900.56
2459.31
2633.28
2771.23
2369.17
2399.52
2521.2
2776.3
2435.78
2823.03
2951.18
2717.46
2646.19
2339.64
2514.99
2309.79
2554.63
2649.15
2483.73
2515.89
3119.86
2341.7
2908.23
2597.17
2688.86
2843.46
2846.89
2965.2
2935.29
2183.84
2524.73
2264.69
2856.25
2958.19
2749.02
2883.28
2674.75
2646.69
2742.15
3089.98
3197.65
2583.72
3572.64
2666.79
3242.2
2996.43
2787.35
2560.48
2982.96
3096.8
2982.22
3188.2
3156.88
2662.55
2942.26
2887.95
2405.14
3406.57
2907.29
3234.57
2844.49
2980.38
3151.19
3245.69
3450.63
3240.2
2580.12
3128.12
3567.08
2754.46
3339.19
3378.63
2752.42
3125.37
3448.53
3123.65
3402.57
2831.79
3035.93
3339.21
2995.29
3324.16
2612.08
2578.93
3247.09
3361.57
3344.85
3225
3061.6
3474.89
3067.01
2797.6
3379.08
2970.43
3252.55
3582.2
2841.81
3531.68
3164.88
2512.02
2944.95
3867.15
3174.4
2957.21
3491.96
3369.01
3037.95
2840.49
3558.76
3394.15
3054.12
3149.51
2916.07
3120.96
3150.58
3970.73
2794.72
3054.57
3331.11
2947.18
3475.32
2530.6
3277.4
3487.9
3285.7
3474.39
3085.43
3246.79
3331.97
2939.03
3440.84
2706.96
2782.2
3636.86
3566.53
3384.58
3466.8
3454.41
3177.68
3030.84
3527.61
3137.33
3527.05
2612.51
3435.23
4048.59
3847.09
3139.76
3213.84
3255.08
3341.38
3004.5
2962.89
3124.91
3457.24
3298.57
3675.48
3502.9
3701.41
3402.37
3623.84
3018.57
3483.11
3124.92
3001.29
3475.57
3498.95
3359.27
3902.38
2976.96
3657.76
3918.13
4025.9
3463.73
4324.78
3703.46
3607.5
3667.22
4238.58
3993.98
3719
4523.38
4287.92
3741.53
3705.94
3918.33
3653.26
4131.51
3453.04
3745.61
4231.76
3916.56
4280.24
3784.8
4548.38
3655.37
3184.96
3411.58
3451.12
3860.47
2968.35
3889.58
4192.55
4130.1
3759.04
3510.05
3391.9
3565.53
3514.17
3970.32
3854.94
3476.69
3243.8
4050.34
3885.74
3034.78
3600.9
3474.08
3393.78
3661.08
3493.14
3199.87
3569.02
3545.95
4252.89
3451.19
3637.2
3546.17
3749.57
3372.61
3620.25
3759.37
3366.01
3920.59
3631.86
4286.13
3040.28
4395.38
3768.59
3073.34
4339.35
3965.98
4151.98
3316.22
4124.2
3521.52
4111.65
3391.4
3898.21
3653.14
3694.68
3647.49
3125.45
3470.27
4052.81
3679.2
3970.3
3364.14
3589.06
3488.26
3654.3
4305.41
3757.66
4006.91
3592.82
4211.26
3841.21
3835.15
4746.3
3643.96
3806.15
3635.14
3944.85
4655.12
3608.07
3679.67
4297.78
4459.49
4284.89
4044.57
3189.42
4108.37
4336.33
3889.38
4214.21
3820.57
3731.7
3908.39
3713.09
3861.36
3724.96
3741.3
3552.71
3598.67
3621.03
4004.16
4854.19
4510.88
4201.99
3750.1
4107.85
3236.22
3549.98
4717.94
3722.13
4135.72
4267.28
3936.92
3712.12
3702.16
3195.97
3997.64
3873.21
4234.91
3850.53
3941.45
4022.11
4576.68
3863.43
4163.69
4449.22
4285.73
3875.43
4675.56
4292.63
4542.48
3441.72
3712.36
3990.02
4191.44
4017.47
4165.61
4116.98
3292.07
4659.27
4251.57
4574.91
3755.93
3796.18
4662.65
3330.52
3477.35
4230.24
3685.38
3220.28
4065.03
4265.27
3593.44
4538.94
3772.18
4030.43
4247.7
3983.77
4533.57
4153.24
3834.73
3750.11
3820.62
4180.66
4088.01
3517.89
4193.59
3728.99
3960.08
3948.57
4902.88
5104.2
4062.21
3356.83
4195.89
4292.11
4310.72
3942.48
4187.84
4071.65
4066.83
4083.92
4853.05
4699.07
4335.44
5051.75
4089.73
3759.87
4199.16
3857.34
4582.99
3775.96
5287.35
3590.28
4215.41
4291.69
3919.94
4217.16
3842.18
3457.34
3497.46
3728.42
3827.88
3957.39
3861.79
4936.87
3751.81
4400.33
4256.16
4284.93
4046.06
4156.37
4450.47
4564
3935.52
3870.92
4539.66
5103.81
5439.93
6681.85
6305.79
5313.97
5021.41
4382.26
4057.27
4702.18
4714.76
3663.7
4728.05
4130.1
4319.97
3948.61
4424.72
2932.56
4391
5165.67
4357.48
4821.89
5381.1
5137.44
3942.86
4191.06
4516.76
5031.39
4792.45
4697.5
4292.58
4538.22
4462.42
4276.8
4697.26
4009.36
3553.11
5018.91
4458.77
3979.22
4237.51
5331.28
4819.77
4510.22
4077.87
4648.1
4436.45
4488.45
4852.7
4636.86
4048.88
4669.96
4112.54
4429.66
4396.65
3781.18
4155.94
3652.19
3627.94
5062.49
5138.79
4192.27
4900.48
4659.66
4850.62
4782.98
5394.52
4720.02
4878.89
4390.86
4810.68
5106.82
5489.2
5644.14
5215.98
4067.34
5083.7
5326.6
4299.3
4916.52
4593.28
5153.66
5425.38
5259.52
5725.02
6357.25
5950.73
4505.31
5780.09
5800.58
5494.61
6177.66
4772.36
5119.02
4563.64
5090.23
5232.25
4685.44
4809.57
5179.48
5156.74
4786.71
6169.89
5079.14
4497.66
4383.69
5464.93
4612.12
5491.61
5332.56
5272.91
4654.32
5062.08
5409.21
3692.01
4921.01
4285.05
6213.11
4374.59
4664.81
4780.76
5906.49
5631.84
5165.12
4687.78
5304.69
4717.51
4487.39
4607.51
5677.04
5997.66
5370.84
5220.84
4570.37
4150.43
5093.33
4860.64
4846.19
4510.33
4403.15
4747.74
5484.36
5260.3
5088.54
6227.07
5527.86
4923.75
6209.89
5171.41
4582.43
4870.8
5999.99
5227.61
6108.36
4992.04
5616.84
4472.75
4650.19
4932.05
5073.46
4876.74
4378.26
4106.11
4192.64
5149.72
5196.15
4102.99
4623.41
4808.02
4382.31
5110.26
4577.34
4305.38
4616.52
4478.4
5523.63
4330.48
4507.4
5336.42
5355.2
4670.61
5060.87
4652.22
3791.88
4890.56
5108.06
5010.74
5250.71
4204.72
4063.38
4623.31
4541.74
4921.51
4204.1
4767.13
4197.09
4653.64
5079.79
5200.9
3902.63
5103.26
4041.56
5540.88
5414.47
4346.23
4876.4
5233.38
5111.03
4421.44
5951.17
5996.5
5410.09
5671.8
5835.33
5295.07
6479.43
3993.01
4833.84
4669.5
5765.79
4861.54
5112.96
5159.66
5463.89
4503.21
5028.03
6254.9
4572.47
4944.26
4952.7
4696.5
4701.94
5172.6
5582.3
4605.63
4672.75
4961.53
4603.87
4346.14
4121.1
5387.64
4510.11
3933.45
4505.26
4898.56
5341.86
5568.6
6824.95
6476.9
6877.14
6298.81
7122.01
7471.2
5812.04
6700.44
6716.23
6702.33
6564.86
6613.11
7182.42
6340.39
7712.26
5915.61
7857.14
7055.61
7590.57
7375.85
6547.06
5566.51
7385.23
5495.16
5507.64
4883.2
5533.87
6955.32
4283.33
5709.42
5224.6
5745.77
5160.72
5995.95
4962.63
5001.89
5761.08
6858.8
5657.74
5943.18
6563.05
7435.92
6214.16
5835.34
4872.1
6251.81
4903.23
6192.01
6476.65
4764.92
4817.61
5706.9
5055.71
5140.9
5170.29
4555.36
5390.8
5539.44
5172.87
4981.73
4902.76
5860.68
5639.11
5258.35
6148.07
5607.14
5030.07
6775.55
5041.53
5331.44
6230.88
5620.69
4812.19
5446.33
5106.05
4257.1
6169.66
5500.68
5794.11
5014.85
5437.78
4813.09
4785.8
4656.76
6124.12
4864.09
4168.69
5167.87
3775.97
5913.69
4219.19
5253.16
4656.39
5612.88
4547.05
5108.97
5083.68
5531.91
5164.78
4633.95
4706.26
5293.96
3847.93
4883.51
4006.38
4907.49
4222.68
5691.54
6113.41
5712.55
5216.35
4629.45
5635.27
5566.23
5135.74
5509.78
5925.81
5046.98
5666.39
4971.73
5231.56
5470.3
4932.88
4607.48
4925.98
5450.76
5453
4388.6
4234.37
4701.77
6388.64
4635.53
5990.19
4586.21
4562.91
5277.83
3957.93
5125.74
4865.62
6019.7
5359.53
5669.64
5483.18
4585.83
5013.74
5295.24
5876.27
5692.13
5132.81
5606.51
5524.26
4843.11
4959.14
4834.27
5584.04
5504.11
5788.25
4917.1
4571.68
4643.82
4853.33
4782.39
5515
4261.91
5025.16
5305.12
6050.84
4650.85
4398.49
5155.65
4136.89
4816.81
4484.91
6492.67
7140.79
5220.18
5549.74
4474.37
4185.84
5001.04
4236.36
4975.58
4592.37
4579.9
4889.2
5041.91
5058.64
4953.05
4774.89
5468.55
6073.61
5211.84
5110.36
4706.59
4572.25
4780.45
5538.01
5030.3
5182.84
5925.52
9417.43
9817.18
7241.55
8561.76
7113.54
7298.96
7298.79
6538.87
7189.22
8566.88
7096.23
5988.83
6256.14
7463.06
6425.35
6832.28
6277.99
6551.29
5605.38
5931.07
5364.09
6291.1
5191.99
7428.28
4797.05
8330.91
6937.9
6466.71
6735.35
5450.37
6647.51
6737.79
6686.25
5818.88
7023.54
4997.01
5115.92
5625.87
4385.81
4186.6
4836.42
5017.54
6362.46
7256.81
6739.02
5004.03
5030.34
5763.81
4292.84
4787.97
6572.2
5502.04
5077.19
4757.02
5944.63
5233.31
4456.28
6149.77
5043
7332.52
7637.79
7196.71
6722.28
6360
6458.93
5163.32
5707.86
6613.14
3609.14
5908.64
6025.21
6833.82
5077.16
5271.29
5698.26
5480.6
5781.14
6777.11
6762.53
5961.35
7159.44
6508.85
6338.68
4658.19
4263.2
7168.88
5533.31
4475.92
6932.31
5858.6
6840.31
5330.88
6022.63
6784.28
6802.33
5748.97
5414.22
5271.46
5821.8
6090
7950.29
5735.65
5581.33
6640.28
6642.11
6919.56
6991.16
6815.1
11804.2
7577.21
8210.69
7923.71
5843.64
6088.45
7382.76
5778.05
6839.88
5357.75
6375.23
7053.34
6643.96
6866.88
5931.54
6089.01
8725.68
6760.44
6435.28
5992.07
6902.83
7395.11
5407.25
6175.58
7285.3
5487.86
6183.02
5278.04
6620.43
7692.28
6337.23
9682.42
6500.34
6654.1
6841.33
6714.94
6836.61
6673.86
6769.21
6608.92
6291.97
6101.44
5385.38
4689.04
7252.94
5471.55
7680.01
9198.93
7836.37
7447.48
7878.41
7203.23
7292.38
6036.9
5464.24
7144.28
7799.47
7627.17
6054.88
7205.63
5261.38
7161.3
5566.11
7001.54
5223.58
6026.71
6548.84
6218.21
4623.51
6068.55
5572.6
7599.8
6899.65
7114.8
6067.5
6572.92
6376.89
6485.04
6071.25
6582.93
7842.13
4376.94
5386.56
5617.02
6112.82
6117.71
6521.12
5569.42
5072.86
5999.32
6003.75
5563.42
5500.36
5943.06
5231.57
7733.64
5846.29
4684.01
5473.14
6053.51
6270.98
6498.4
4848.17
4732.97
5756.25
5588.13
5207.49
6052.83
5544.22
4736.63
6923.84
4964.11
6071.14
6221.63
5629.2
6231.66
5923.05
6152.61
5331.82
5586.44
4391.84
5670.86
6877.76
6105.57
6059.52
3869.91
6533.56
6680.15
6751.61
5930.49
4723.91
5527.14
6242.98
6382.73
6681.84
5490.71
6828.52
6644.92
6250.46
5138.52
5646.16
6023.54
4763.86
7079.39
5747.78
6045.16
5535.87
5575.25
6142.34
7120.99
5127.06
5750.13
5023.59
6002.88
6710
5289.02
6601.43
4727.47
5927.57
6284.89
6765.67
6114.34
5698.5
5248.89
5403.79
6185.08
5611.46
6189.81
5447.12
6659.87
5744.41
6664.7
7257.39
5433.89
6472.88
5753.53
5174.7
5685.47
5258.92
6225.02
5727.79
5709.81
6893.49
6420.09
3913.8
6401.63
6043.88
5444.46
4800.4
6332.71
8662.57
5425.41
7255.63
6445.35
4915.97
4526.9
5640.49
6187.3
6430.9
5337.97
6751.95
6983.12
7210.93
6716.18
6402.02
5222.65
5191.73
5803.26
6762.6
6534.38
5293.53
5856.27
6127.32
6624.4
6770.43
7475.71
6701.8
6194.11
5349.65
7365.31
5756.38
7183.87
5760.84
6657.64
6516.21
6395.23
6404.07
7333.21
7138.7
6785.98
4842.07
5914.72
6046.45
5692.25
5897.12
6650.17
5612.88
6825.81
7109.97
6498.96
6258.25
6998.2
6206.1
5785.41
6426.96
6235.61
6130.63
6629.53
6621.77
5523.32
5991.48
6049.67
5893.54
5967.71
5834.81
5527.15
7337.89
6120.1
4277.13
5816.96
6748.23
7531.9
7136.31
4661.24
5597.8
6521.98
6310.55
5605.62
4821.04
7619.68
5844.86
5266.89
6216.14
8900.49
6179.17
5924.35
5444.94
6530.97
4557.05
5528.95
6585.12
6109.04
4390.19
7642.19
5619.01
6428.66
7176.55
6618.71
6989.08
6316.15
5093.48
6397.24
5970.32
7081.94
6988.51
6045
5044.66
5858.49
5890.08
6243.97
6824.04
5008.79
5862.36
5924.17
6259.88
5026.25
6993.97
5042.05
5619.67
5150.33
7545.84
5862.67
6650.36
5019.53
6581.98
5445.6
6756.77
5905.21
8904.47
5234.51
4533.14
5990.03
5471.25
7092.7
7905.53
4542.6
5611.19
6598.75
5246.04
6300.64
6476.79
7012.65
7117.74
5308.85
5507.93
6337.54
5933.41
4544.19
6280.94
7477.71
6063.28
6343.16
7259.73
6016.49
6283
7995.35
6935.4
6618.95
4237.42
5282.21
5049.85
6888.45
4964.86
5629.59
5881.94
4786.07
5272.59
5751.9
6705.77
5294.86
7567.45
6433.49
7799.97
7762.91
5719.47
6271.06
6174.28
5802.56
5679.4
6278.95
7053.48
7487.67
7589.2
6124.35
6215.24
6573.7
7593.68
6661.84
7343.73
5496.02
7418.43
5775.44
6772.78
7788.15
4925.65
10001.5
5628.17
7437.32
5508.41
9176.9
7356.64
6396.82
7561.63
6616.72
8245.77
6654.93
7748.94
7504.14
6823.93
7715.96
7206.68
8559.78
8200.49
6401.93
6692.26
4797.79
7924.32
5966.87
7265.3
6052.68
7575.01
6971.86
6054.51
6823.68
6948.57
6813.89
5968.28
5407.24
5807.79
6928.75
5937.63
5690.36
6486.87
6783.59
6357.82
5088.08
7301.57
6739.48
6160.39
6245.08
5369.99
7421.63
4899.02
7623.07
5425.52
6781.88
5558.93
5927.28
6879.49
6476.35
6090.92
5798.1
5906.05
7236.65
6467.61
6250.42
5401.29
5921.58
6909.26
7299.97
7099.38
6686.81
7196.31
6192.57
7532
6923.88
6681.21
5853.45
7107.08
5795
6655.12
7275.82
5481.73
5718.11
6682.62
5652.59
6021.97
6349.94
6964.01
6669.08
5924.95
5654.23
6729.62
6558.1
5435.41
7483
6679.51
5935.66
6484.32
6699.25
6551.99
6401.65
5288.01
5994.57
6189.34
7457.14
4535.95
6693.43
7201.19
6812.84
5741.15
5165
5824.58
6882.28
5933.5
5464.63
6809.55
6156.99
7470.98
7605.43
6794.13
5834.71
5589.65
5117.77
7007.79
6956.17
4947.06
7849.67
5989.8
5770.34
6580.47
6119.49
6230.02
6088.43
6860.48
6674.07
6103.19
5977.68
5830.25
6080.34
6605.05
5425.78
6172.21
5847.67
7337.43
6611.68
6650.68
6604.18
8303.57
7439.9
5533.49
6443.55
7565.56
5806.04
8225.34
8482.4
7187.51
5274.2
5823.95
6607.04
5673.16
6496.92
8908.46
5930.28
6174.82
5768.05
8103.08
6815.01
6361.72
5708.27
5783.75
6222.31
5948.12
5949.92
7318.26
6488.37
6378.1
6448.96
5930.23
6004.12
6548.89
6418.69
6470.58
6177.13
5564.37
6004.92
7435.17
5552.56
6022.76
6730.05
8012.41
6022.39
5728.52
6222.28
5661.29
7215.59
6999.43
6013.89
6281.34
5133.82
6476.04
7807.48
7198.1
7063.01
5702.15
8196.91
6027.43
6660.01
4030.29
6336.52
5201.36
6072.22
7008.47
6510.77
8785.21
6198.98
5496.98
7664.49
6269.97
6276.86
7068.03
7560.68
8752.68
5855.83
6555.51
5600.08
5570.99
6839.88
8232.28
7883.42
8614.35
6287.82
6186.18
7168.7
6154.88
6538.76
6109.77
6923.62
5107.1
6368.46
4536.76
6475.24
5339.85
5871.96
8488.44
8156.62
6626.77
6476.93
6704.04
6649.01
7257.18
6297.91
6976.74
7212.25
6205.25
7537.29
5276.26
5578.68
6899.3
6710.39
7944.15
7877.94
7140.21
5204.43
6506.13
6435.84
6623.86
5466.4
6678.06
8802.29
7905.25
8873.92
5840.21
8116.42
6503.51
4885.71
6055.64
7061.74
6518.98
6400.55
5118.12
7251.18
7379.5
6763.11
5259.52
5825.98
7745.2
7098.66
6944.98
8997.98
5938.14
7782.27
7749.65
5544.01
5700.26
6329.36
7128.81
6517.63
5414.7
5634.38
5860.57
6668.07
7214.33
5219.45
6569.03
7331.71
5845.04
5665.31
8960.14
7055.09
7836.3
5896.37
5906.19
9036.88
7019.67
7123.24
6207.15
5448.65
5354.08
6422.48
6867.62
5019.27
6060.7
5790.99
6892.83
6951.82
6908.34
6560.49
6721.7
8269.82
6107.29
7425.85
6472.29
5914.4
7849.13
6942.72
5334.02
7677.5
7640.29
3911.33
6500.81
5875.63
7123.93
6780.83
6537.69
5905.25
7776
5900.22
7317.35
7693.77
5901.1
6382.61
7035.3
7167.83
6301.75
8004.84
6220.6
6125.08
5677.43
5149.97
6857.32
6422.21
6565.29
7001.59
8160.28
6570.9
8324.41
5372.82
7590.59
6768.58
5906.61
5856.23
7754.2
7232.25
7779.55
7456.34
8141.65
6588.59
6695.92
7044.08
8560.02
7534.86
7072.36
6072.5
6153.1
6411.41
7062.99
6843.61
9210.94
6065.2
7417.07
5944.18
6893.52
8237.9
6727.83
7669.4
5983.88
5733.88
7189.12
9023.61
8606.78
7156.21
9313.34
9330.38
6075.41
6498.65
7388.67
8449.47
10275.1
5604.02
7713.71
8251.53
8127.06
8349.05
6924
6987.78
8554.02
8711.54
7674.09
6175.1
5976.96
8995.89
9794.98
6784.74
8793.64
8114.82
8619.23
9269.12
7884.23
8433.4
9470.29
12414.4
13592.5
7944.65
11265.8
11225.8
11831.7
10291.2
8601.28
12098.6
9516.12
9435.36
12585.5
14609.6
12116
8986.08
11745.6
8145.24
9571.56
9118.55
7980.5
9220.72
9007.81
7277.93
7896.61
7451.66
6592.04
6840.68
7553.83
5728.1
13492.7
12814.5
11138.3
9534.63
9086.92
7712.92
9081.85
6651.65
8717.4
7283.46
6948.53
6789.91
7222.26
8222.42
8029.79
10313
14717.3
8052.63
8547.15
10897
9713.58
9683.63
10060.2
8115.61
9035.82
10248.5
5471.08
7606.71
11493.4
7212.56
8392.77
6521.68
8336.23
8166.78
5544.01
7768.64
4910.12
7821.7
6470.06
9085.64
11185.8
7970.74
9338.33
8028.8
6478.64
7574.11
8841.06
6312.41
11718.2
14107.7
13348.4
10916.2
9577.47
8142.17
8136.02
8045.63
7876.64
9947.8
7246.03
7858.26
5701.7
7000.49
6515.59
6436.98
5389.87
7637.87
8744.92
5746.86
7320.11
7547.5
6769.92
6522.24
6294.14
5750.12
7533.83
6244.65
7758.03
8912.1
8570.63
6825.31
8164.49
7327.9
7645.9
7166.47
7166.31
6441.23
6615.4
8545.78
7020.26
6865.46
7724.38
7978.57
9908.59
11469.1
12280.6
11581
8612.14
9614.89
7329.24
5939.45
7566.56
9058.65
6210.59
7103.04
7174.66
6358.64
6132.97
5837.44
8260.72
5513.11
8801.76
9793.69
7282.03
8752.01
8527.07
6164.84
6045.08
7967.77
7350.24
8831.65
8285.38
8670.83
8085.37
7475.6
7057.23
9805.68
8598.51
8455.02
6474.31
6215.28
8292.05
6557.5
7816.04
5033.38
6632.84
8424.69
6529.03
9532.69
7745.29
6518.34
7468.97
6449.97
7846.93
8761.27
6757.95
7181.24
6311.56
8558.51
6574.75
8417.58
6521.88
6126.57
6839.33
9610.76
10756.2
7533.53
5500.58
9216.81
6867.04
6719.36
5760.55
7278.57
7334.36
7741.05
9155.45
7704.65
8602.22
7383.85
6836.99
7093.21
7335.45
8399.08
7914.13
6414.07
8290.88
12719.2
8915.98
7750.6
8434.78
13580.9
6740.18
7434.06
7078.55
6319.15
7794.56
7519.49
8054.55
7068.62
8149.54
8662.24
7429.32
6486.5
5480.26
6231.25
7962.23
7284.02
6407.7
6101.4
5966.44
8453.67
7350.72
6136.04
5841.2
8335
8881.68
8495.84
6988.72
7172.53
7609.46
6542.83
6844.82
6836.21
8034.96
8053.37
6903.84
7800.47
7531.54
8299.99
5946.83
6539.14
6472.99
6453.19
7036.24
4356.22
8824.75
7373.91
9665.04
7750.5
10327
5924.19
6912.28
7933.88
8550.03
6754.08
8356.35
6885.52
8476.41
8825.38
5390.25
6682.82
8068.53
7323.38
7870.11
7851.1
5619.86
8248.18
7040.77
6540.62
7621.78
7248.95
4916.06
7763.88
6567.11
8648.35
9692.38
7646.76
7162.04
7892.74
8349.12
8031.5
8935.07
8714.5
12569.7
8877.27
7988.34
9739.14
7982.77
9870.03
10176.6
9026.5
9090.87
6850.48
7542.72
6833.44
7785.32
7740.52
7374.13
8971.76
7794.6
6267.45
5867.98
6868.87
8341.14
6033.46
6844.6
6966.22
7160.44
7108.53
5560.69
7610.83
10075.1
7132.57
8140.92
6636.81
8231.6
8527.84
5296.25
9118.82
7767.19
6502.13
7919.65
6573.9
7191.21
6429.49
7712.01
8890.99
8291.42
5637.37
6356.88
8921.67
8419.79
8249.65
8543.35
7234.67
7631.99
5947.81
6279.3
7938.42
6516.28
7391.39
7375.18
9655.32
8782.12
6428.11
5486.32
7806.3
7479.93
7831.6
5920.65
5861.68
8669.83
4723.18
7052.42
9140.08
6443.55
8638.5
8988.34
7498.06
7543.03
7226.52
11461.2
9453.5
7466.29
6297.81
10099.1
7854.88
7833.94
12817.5
11729
9051.73
9629.8
8509.61
8590.01
7595.93
8548.93
7450.61
5945.41
6835.85
6783.9
9710.08
9087.89
7783.15
8896
7151.67
7517.17
9149.72
7102.03
7181.83
9517.7
6659.87
8851.89
7595.44
7351.03
7725.18
8658.1
7323.73
6888.64
8046.13
7212.5
9349.02
6814.6
6879.69
9338.48
6888.28
8594.83
7050.94
9144.65
8757.51
8644.06
5993.92
8118.29
8939.52
6704.57
7432.07
7951.56
7037.99
6074.61
8912.17
9232.72
5787.64
10173.2
7059.49
8433.4
7146.91
7938.19
5091
6267.41
8611.69
8325.26
6717.17
10510.9
9232.51
4212.95
6048.19
8371.74
7476.06
7788.18
8189.37
8761.04
8331.64
8037.55
8368.3
6153.16
7725.58
9311.8
7765.56
6838.08
8978.61
8511.51
6595.07
9122.44
7582.51
8355.67
8124.46
7593.46
6153.95
7003.66
8280.06
9290.83
10800.3
8270.49
8520.66
11599.6
9427.8
8468.03
10224.7
9002.74
9348.81
7776.97
8107.98
7222.44
10820.3
6354.07
9493.89
8789.62
7923.45
8467.74
7813.74
7519
10050.4
8542.63
7378.73
9384.05
9089.71
6316.51
9323.88
10454.4
8347.36
10380.6
7114.19
9039.78
8947.31
7205.45
7761.85
6048.68
7095.82
6740.35
6994.33
8139.18
6439.79
7048.1
6325.39
6907.9
8503.25
7144.1
8374.69
7077.19
9131.4
7728.12
7843.99
7699.66
8486.07
7988.9
7321.77
6373.9
5867.75
10656.2
6865.94
8030.1
9296.83
8267.27
9783.35
6401.39
7934.42
6394.99
6908.82
5826.73
6392.03
8569.35
6482.28
8385.06
9576.8
7968.68
6501.31
10248.5
4873.16
7206.48
5676.11
6059.34
6967.73
6557.33
8589.2
9792.33
10028.9
7909.93
7981.23
9210.95
5497.79
6639.2
5355.34
6438.05
7441.96
6845.36
9625.15
8094.62
5671.98
7829.1
5676.82
7954.74
7521.81
8515.87
6882.93
9061.17
4663.03
7560.36
9510.18
8209.85
7927.79
11499.7
12455.7
10276.4
12249.3
10959.6
12991
12742.6
8710.5
10246.1
11366.3
12749.7
11151.7
9720.41
8708.95
11344.7
11936.4
9319.55
8203.82
11363.9
6557.9
8852.45
7728.5
9780.88
8885.73
12816.7
13229.2
8275.43
6431.5
7319.11
7639.05
8397.75
8238.11
9516.7
7172.42
8537.2
9605.51
6693.49
9069.15
8586.23
7790.74
7030.1
10403.6
10394.2
7599.49
8152.97
7713.19
7952.35
7359.04
6977.37
6954.76
8492.6
9999.22
10020.7
7326.74
9985.77
10037.2
8112.11
11701.7
7755.37
9520.53
7976.89
10202.2
8452.27
8696.47
6987.36
8663.57
10880
6912.67
9138.04
8179.38
6872.78
8781.22
6985.95
8974.16
6924.07
6683.5
6216.1
7199.08
8809.62
10482.3
5795.26
6460.9
7903.91
5620.19
7928.48
7704.36
7336.03
7204.64
7154.21
8483.78
6993.46
7127.56
7958.84
9019.77
8677.57
9447.79
6920.77
7065.82
7011.09
7016.64
8009.07
11276.9
8160.63
8609.93
10388.6
8984.84
8936.65
8102.68
8275.44
7497.33
8964.79
7897.7
5793.22
8768.92
9296.37
9105.34
7685.54
7318.04
9340.94
8368.88
6449.7
6387.71
8233.4
10031.9
7152.01
9210.89
6115.71
7929.43
8740.54
7543.99
7524.65
7852.67
6934.89
6367.45
8329.46
8670.69
6381.18
6767.72
8102.6
7903.77
8399.12
6195.87
8067.75
9203.63
6014.94
6307.39
7017.3
8751.59
6958.35
8322.64
7179.89
8093.48
6414.53
7345.95
8357.56
9386.91
9943.43
8417.56
10481.3
8212.39
7680.59
6611.94
6386.66
7542.6
8524.5
6512.95
7997.8
7815.11
8547.87
8303.52
11275.7
7647.87
7160.84
8710.64
8178.87
6194.02
7596.98
7371.35
10312.2
8137.14
11089.8
6397.26
9157.75
12789
7670.49
6798.14
8178.61
10583.1
6883.07
10633.2
10963.8
12788.7
12454.1
9181.46
9797.52
9236.79
13575.4
9483.26
7389.28
10571.6
8907.06
10463.7
7301.28
11647.9
7245.47
7595.67
9777.62
8903.61
10152.3
11355.1
12248.2
10971.8
8020.14
9159.07
8757.34
10829.1
8144.69
6000.54
7514.03
7005.01
10692.1
7535.18
10090.5
8680.32
6318.96
6480.94
7816.45
7320.73
8087.66
8700.53
9333.71
8545.57
11308.9
8536.81
10600.7
6476.5
7186.5
10080
14397.4
10680.1
12200.3
11609.2
14744
15697.5
13898.9
10469.5
14246.4
14515.1
11453.7
13824.9
15090.1
13600.1
14493.1
10739.5
11799.6
11958.7
9576.77
13161.7
14145.9
10241.5
11826.8
8391.34
10880.9
10219.1
9656.86
8151.31
9550.34
11240.5
7543.59
8837.36
9379.47
7551.43
9128.84
9539.06
10347.8
9253.05
8893.29
9568.73
10121.4
9895.51
6973.75
8175.91
5346.84
8033.07
7878.69
5866.18
7703.77
8372.88
7794.93
10044.9
7252.61
7129.75
6837.86
7392.79
9400.04
8711.5
8132.82
9674.33
10777.6
8315.34
7434.51
7391.33
7270.07
8376.68
6032.63
6236.68
6932.9
6433.67
9352.86
8820.69
9030.52
8627.44
10365.9
7081.83
7545.79
7622.99
8419.43
12016.7
8593.69
9173.2
10580.5
7253.57
9357.34
6714.4
6034.8
7932.77
8509.67
8500.56
6191.59
6610.1
7468.14
8555.01
11074.9
10399.8
9320.07
7361.62
9334.76
8625.28
8805.19
8858.35
7383.03
8776.72
9714.2
6787.85
8962.01
10152.8
8087.47
8683.11
8185.36
8075.38
4836.59
9225.24
7014.29
9418.06
9831.57
8775.02
6565.32
8275.76
7482.54
11220.8
7717.3
7197.8
8605.55
9754.13
6914.44
7213.73
11311.6
11266
8220.23
8383.89
9969.02
8485.21
6975.51
7907.47
9418.86
8640.82
7903.48
9533.79
13767.6
15543
14369.5
10469.9
12317.8
10022.7
13587.7
10005.7
13845.6
13539.8
12850.4
13550.5
13869.4
14399.4
12243.8
13103.4
11466.5
8093.23
8923.78
8023.97
8505.77
19308.6
14350.4
7387.66
9018.08
12654.3
8798.42
12846.4
10171.1
7645.68
9339.9
6572.49
7128.66
9427.04
9502.04
8595.06
10631.4
8139.56
10029.9
9634.58
8187.44
8141.79
6658.04
9060.56
9196.52
9156.85
10563.4
8540.69
9346.79
8326.82
8656.53
10118.9
9080.4
9964.03
9072.96
9377.17
7272.43
6612.1
7266.23
8581.53
6697.62
7403.8
10713
10782.6
6875.78
9774.34
8945.95
7634.75
8715.76
7436.43
8662.36
8844.63
8251.41
10612.9
7156.2
5814.56
7726.18
4869.17
9084.91
7709.51
9195.6
7654.85
6932.79
9122.86
7839.63
9192.61
7633.98
9411.56
8661.69
5766.75
6251.86
7578.72
8302.47
9088.6
7408.85
8683.37
8188.39
8494.4
8331.67
5273.44
6832.74
9415.44
7976.21
7792.59
6481.75
12097.7
8548.14
9736.54
8082
9788.01
8175.87
6675.07
8271.91
6860.66
6951.43
6856.55
8945.94
8091.99
9535.93
8644.85
6115.62
6814.76
7183.25
7992.95
7406.53
8505.8
8846.86
7518.03
8895.35
7366.23
7136.42
6379.14
7500.16
9048.16
8471.36
7052.73
9671.36
9119.32
9068.62
10689.6
10457.3
10214
6745.09
6808.23
7843.99
8999.76
9586.35
6424.96
5629.68
9043.63
8108.52
7678.22
8194.99
6184.15
9169.81
7025.17
7384.59
9206.14
9146.96
7909.72
8146.6
8292.19
10092.7
8977.82
7504.91
7179.03
7849.95
8187.45
8041.51
12452.4
8620.84
7855.86
9146.85
7974.5
8763.29
7007.15
8164.61
8994.88
8204.53
7987.83
7193.39
7278.08
12110
9734.09
7351.32
9825.5
5869.75
7677.02
7709.21
8046.91
9001.59
7009.75
9387.57
8046.91
10343.2
7474.93
8418.8
6939.77
8693.33
6874.98
7405.27
10465.1
7848.3
9462.41
7657.14
8197.25
8204.11
9507.21
8094.99
14320.5
10714.1
10662.6
7533.13
9639.63
10759.3
7942.08
10568.4
8932.82
8571.36
11575.2
8774.77
9084.05
8198.33
7353.63
12868.5
7983.71
8698.32
10009
10493.9
10992.6
6481.8
7043.12
7473.82
9198.14
6742.43
9580.24
8145.96
9526.18
8771.75
7682.01
9848.25
7770.17
7639.48
7871.45
10208.8
8474.06
6767.23
9970.25
7600.42
10171.4
13717.9
8409.18
8604.02
8663.17
5672.16
9967.96
7821.79
8294.23
10146
7173.44
9398.47
8379.57
7681.66
9955.2
9798.95
5415.28
7834.33
9057.33
5146.35
7435.88
8763.42
7238.55
8303.06
9717.95
7813.55
8546.07
8826.82
9862.46
6208.32
8247.28
9346.35
10853
5961.18
7795.49
7096.18
9649.59
8674.45
8069.35
7053.63
8959.59
7822.29
8043.87
10984.8
6319.65
10857.8
6338.43
7539.33
6910.35
9942.42
7381.72
7929.87
6354.56
7425.14
9996.88
9654.67
6766.11
9345.44
8292.21
8982.14
7964.4
8726.62
10419.9
7997.12
10645.9
8350.3
8713.73
8123.23
8926.29
5953.03
10454.9
8822.27
7785.02
6923.2
9044.12
6771.86
7809.61
7976.56
7768.67
10027.7
10441.5
8795.72
7322.01
9730.78
9450.84
7635.53
9046.02
7244.19
11467.2
8142.2
11152.5
6453.88
8355.27
9019.05
7474.07
8106.2
7530.11
8932.54
9131.56
7698.72
7711.03
9148.37
8791.71
6830.76
7400.11
9141.41
8705.1
7498.18
8761.01
6106.26
6089.09
8443.63
10510.4
8181.2
8164.25
7924.02
7010.62
9568.65
8827.47
7549.76
8468.39
7854.11
6555.66
11597.1
7376.35
8761.72
7232.3
13238.3
7246.54
9124.67
8916.97
12301
5981.07
10488.6
9845.34
9578.94
7808.29
9013.91
7498.37
9367.52
6105.55
8938.66
9780.55
7121.17
8852.96
9210.09
7760.26
6209.27
5327.93
7395.93
8969.93
9062.42
11292
11232.2
8817.97
9651.68
11836.6
10184.8
7850.73
9694.4
6499.82
8294.16
6181.4
8594.52
9878.49
7619.87
8149.21
8086.89
9855.7
8702.98
8701.43
7707.57
8018.34
9722.2
8868.47
6407.39
10098.1
9400.5
13208.7
11163.3
8076.8
9007.98
11431.7
9720.28
6332
9135.53
8752.37
8369.13
8421.01
3929.22
8314.54
7958
11005.4
8496.51
8009.26
6097.77
8230.34
8626.21
5612.66
8658.26
10380.4
9331.34
9225.64
8870.81
9395.65
11224.4
9390.09
7950.72
8255.47
9083.64
11632.3
9666.7
9695.22
7539.77
8936.38
9237.68
7118.88
6359.45
9145.22
9177.99
9687.14
9980.9
9614.99
8610.86
8244.7
7628.5
10867.9
6864.97
9816.93
7192.79
8221.63
8865.91
10742.8
7303.24
8958.78
8659.27
8294.43
9712.28
7536.9
9829.81
9315.48
5463.51
7078.91
8655.26
12001.9
7392.01
7536.21
6436.62
6582.31
10562.4
7113.34
7817.88
6690.18
7821.49
7916.68
8254.9
5392.84
8154.08
8788.82
11133.9
9438.68
8355
9122.82
7542.94
7947.75
8350.51
11032.2
6355.36
9009.8
7549.31
10271.2
9644.13
10325.8
9063.08
7952.35
9249.41
8341.16
8235.55
9798.98
9658.8
10418.5
9088.79
8342.18
6048.48
11226.5
10772.7
6755.47
6875.7
9336.41
9105.07
7555.74
8449.36
6447.1
8895.37
12152.1
5650.92
8819.48
8205.71
10855
7425.3
7023.36
8782.07
7685.78
9777.96
9911.72
8055.95
7670.09
9718.58
8976.47
8864.11
8680.73
7685.49
9049.07
5696.76
10203.2
7730.46
8403.23
8345.28
10450.2
13622.1
9033.04
12402
8320.73
9339.31
13191.4
9244.48
11160.2
8809.43
8171.47
8775.97
8961.33
9633.72
7099.16
9870.11
10569.1
11696.8
8652.73
9823.05
9666.82
8686.04
9320.78
10633.9
8759.51
7568.3
9604.33
9438.57
6630.32
12556.8
10233.3
8121.77
9101.54
9530
11939.8
7625.55
9973.39
9863.64
9738.48
8878.01
12015.3
7004.49
5684.43
7171.14
9288.22
10522.3
10389.5
6304.91
7698.45
7993.58
7807.82
6544.42
11496.2
7955.74
9133.17
6973.18
8655.9
9695.61
9878.51
11298.7
8800.7
8752.16
10513.3
7370.2
9675.88
9094.96
9768.49
10242.9
10240.2
7378.09
10053.3
9118.61
10332.2
8888.1
7184.84
6876.76
7721.01
8277.07
8191.76
6579.55
9097.62
7562.64
9276.99
6753.64
8171.98
7437.2
7773.41
9681.18
8422.13
11936
8800.67
8147.76
7867.26
8639.45
7510.18
7634.82
6435.68
8808.09
10454.1
7956.96
7241.11
12903
8040.02
8353.49
7586.94
8264.43
7164.58
9622.85
9239.88
9663.46
9508.12
9195.07
8831.09
9685.97
7078.16
9225.26
9464.66
12644.9
8622.34
8968.24
6375.27
10410.2
10220.6
10368.2
6131.09
11890
9338.81
12141.7
10963.2
8477.66
7906.27
9614.14
12749.2
7090.77
8516.5
9020.24
14200.3
18352.2
14876.6
13020.1
12471.4
12953.3
15192.3
11435
13096.7
17306.9
12838.7
12177.9
10825.1
12789.3
11235.8
13339.8
10267
12151.7
10460
8793.05
8237.87
8370.55
15206.3
18190.8
9647.94
10450.5
9199.26
10568.5
8674.38
8643.47
9527.27
13084.2
7953.22
8095.86
11189.2
12309.3
8905.36
9315.91
8154.53
10337.8
6896.54
8607.91
10733.7
8637.8
7179.8
6157.5
9205.63
8031.11
9192.6
8138.08
8358.93
9762.49
9111.08
8565.15
7353.58
10111.6
8368.82
8373.57
8689.6
10159.8
8087.63
6605.44
8347.36
8596.73
8603.51
9949.78
11462.1
9293.81
8630.58
9448.52
10084.9
7387.71
8360.24
9682.14
9593.74
11930.9
10013.8
7271.63
13650.2
8864.51
9324.16
12198.8
8378.35
9522.61
8663.22
6281.83
8921.74
5888.85
8244.03
6343.47
7240.44
10084.7
8191.45
6265.03
6244.35
9299.58
9152.21
6960.59
8972.67
10106.2
9290.18
12506.7
7897.09
12262
12875.4
9938.18
15538.7
14642.4
12730
8966.61
11263.1
13910
12486.5
13155.5
11241.1
9505.69
10504.5
11699.7
9760.01
11807.5
9987.26
11294.1
6259.17
6683.63
10400.7
6932.58
10814.1
8129.81
10100.4
10143.2
10890
8453.55
9385.19
10984.7
10762.2
9835.01
13382.7
10163
9600.83
8618.89
10236.3
8993.95
9738.31
12571.5
10326.4
9334.25
9489.81
9679.72
8061.34
10636.5
9672.85
11436.6
9127.7
8401.87
10960.1
10046.2
9581.89
7412.06
9486
6579.06
9317.54
5488.06
8650.98
9917.19
8387.61
6138.72
8539
8496.53
8519.66
10091.4
8476.14
10608.8
7762.87
9490.41
11942.2
11069.4
10252.5
9395.53
10896
11604.3
8014.06
10461.5
10099.9
10817.3
12910.8
9545.47
8200.48
9697.29
11277.3
9071.26
10997.8
9797.56
9994.24
11096.8
11583.5
7515.89
8448.08
8999.22
11536
10125
8443.03
12788.1
11095.8
9443.16
9874.75
9471.73
9654.53
10361.7
8473.42
9779.76
9648.5
5232.82
8548.44
6900.78
10531.1
10920.2
8666.89
8353.24
8995.53
11131.9
7857.64
8404.38
10570.5
10356.2
8500.9
10200.8
8155.2
10067.3
11493.3
10655.2
11135.9
10705.9
8632.5
9750.94
8394.1
7437.74
8384.98
7860.02
9959.28
9278.73
9524.53
9604.67
11130.1
10285.1
8374.53
8321.31
11880.6
7755.21
8117.38
9530.87
9707.27
10539.1
8270.77
11533.7
8833.5
8924.52
9366.2
7510.32
9147.93
11310.1
11197.4
9895.9
7730.89
8921.85
8370.65
8446.21
12320.6
8271.46
12673.7
11588.4
12171.7
10742.1
9001.06
7644.45
11426
12130.8
9072.24
8954.06
9826.96
11918.4
7446.06
8505.85
10867.9
12282.2
8309.36
9987.72
6028.84
9638.7
8096.69
6846.65
7604.62
10510.8
7381.35
11835.3
9098.81
7986.1
7989.02
12544.2
10717.5
10459.2
10547.3
6087.78
14138.1
9652.45
8747.74
6766.96
10137.9
10434.1
8160
9025.05
8658.47
8747.54
9560.78
12047.1
7367.47
9557.86
9029.09
9799.92
9267.06
8699.19
9975.9
10140.1
9940.06
11805.9
9352.61
8659.05
9397.77
11817.3
10627.4
10630.2
8950.49
7786.48
10400
10035.4
8251.93
10781.6
7003.58
10357.1
6097.52
9592.09
9810.03
8922.68
12653.7
10886.2
8443.71
10393.6
8600.99
6675.07
6870.53
9402.98
8341.29
8222.82
9901.01
8654.09
9029.53
8128.04
11556.2
9860.59
8953.89
9005.14
9374.24
9307.01
9714.41
8780.1
9679.62
10223.5
8567.67
9438.35
8278.12
9867.19
7572.47
11206.6
8588.98
8478.41
8263.16
9222.54
10561.9
9411.72
10424.9
10111.1
7377.81
7573.49
9323.53
10874.2
8383.35
11132.1
8655.03
8415.44
9857.83
9780.95
7071.05
10278.2
7949.41
6232.49
8282.5
7258.07
10235.1
7936.2
7928.33
10259.7
10657.2
9893.69
9593.31
10897.5
9846.45
12343
8295.17
11008.8
7005.94
7740.03
8780.73
9300.82
12380.6
8372.3
8399.97
10323.8
9881.69
10001.3
8180.51
11717.9
8873.39
7732.42
10676.5
10611.5
8804.87
8468.34
9953.67
8691.04
9593.99
11423.8
10582
8859.64
11492.2
8554.01
8541.48
10448.1
13283.8
8176.48
8330.71
10072
10150.1
8379.04
6930.03
9823.32
8759.78
8839.71
10941.9
10881
9747.64
9760.85
11613.6
9508.02
8644.07
10180.2
11248
12649.9
9556.68
9372.74
9361.69
9807.04
8076.87
9651.06
11258.9
9162.86
8585.35
8061.45
9397.26
10712
10569.1
10110.3
7682.31
11202.5
10094.6
9207.83
10719.3
9709.94
8732.88
8667.67
8073.62
7527.23
7291.18
8044.11
8788.14
9564.33
8287.99
8947.82
7411.72
9155.81
8330.78
9439.47
8436.15
7491.72
9026.99
9921.57
6141.22
8983.86
7813.74
9465.82
11254.5
8925.91
7883.95
12385.4
9832.62
12316.2
9189.9
6816.57
8834.09
7160.91
8586.8
7899.74
10727.2
9994.42
9709.6
12615.6
7322.58
8385.28
8054.83
11144
11177.2
6209.89
13224.9
8357.23
9030.67
9603.13
9741.34
13303.8
8074.21
10553.4
8312.67
9830.36
6101.59
10006.9
8578.67
5764.08
10241.4
11710.9
8771.04
8448.7
11170.2
8314.04
9765.55
11954.9
8362.33
8076.71
10329.9
9360.16
6982.84
9400.73
11585.2
12344.7
8235.34
8969.79
10272.3
11312.9
8552.13
10346.4
11037.1
9630.34
8298.72
7775.04
8815.06
11527.1
9261.79
12108
8803.61
9435.75
8949.23
9144.42
7784.01
10741.1
9953.73
11778.1
8623.52
11525.7
9091.37
11219.8
7085.56
11025.5
12968.8
8936.95
9284.03
10508.3
9682.91
8689.72
9300.38
10178.2
9076.78
11199.8
8073.92
11039.7
12165.5
10515.1
10555.8
9604.71
6793.19
7973.85
9795.67
14124.7
7900.45
8632.38
11274.8
6468.23
7644.43
6326.29
7962.35
10348.8
10737.6
10590.1
10247
11013.3
8134.4
8393.12
6920.2
6318.16
8828.35
7440.35
9175.15
7861.61
10088.9
11198.4
9438.48
6284.17
12374.4
9535.27
8078.89
8553.86
7792.61
8807.68
10522.3
9401.97
10709.7
9683.34
10352.4
7722.74
8943.25
10549.7
10361.8
7976.18
10298.6
8765.83
9129.32
9348.5
8482.83
6325.92
9897.56
9404.72
9811.32
11664.7
9948.13
11238.7
7509
9715.31
9175.83
9887.32
10502.8
11966
11311
14109.2
10985
12502.8
9582.83
11090.8
10754.2
8251.39
11134
13186.7
9536.15
13380.3
9367.93
10521
9988.3
10474.2
9265.02
11018.5
9221.66
12299.4
7482.24
10347.9
11511.3
7791.61
11038.3
10810.8
10069.9
10341.7
9000.34
9722.66
9082.44
7413.96
8778.7
8042.74
12751.7
12444.3
9602.35
7079.41
10609.6
9464.17
7752.18
9487.66
10530.2
7404.71
6017.24
9005.96
8647
11576.9
10997.6
8846.24
8902.46
10083.9
9855.92
6869.1
9609.12
10813.1
7899.32
9959.07
8017.3
8111.14
8512.46
10375.9
11166.7
9077.24
10971.1
8643.39
10165.4
8954.03
11198.8
8425.97
9993.12
8903.05
9734.46
9432
8604.66
11128.6
9930.83
10780.4
9965.4
8825.87
10088.4
10101.5
9384.07
9000.14
7265.07
9724.12
7521.24
9606.97
9524.07
9389.57
10212.2
10361.1
8712.73
8921.4
13572.2
9103.14
10379.9
6358.69
9528.09
9839.36
8028.36
9770.55
9051.79
8508.23
6810.43
10775.9
11788.3
7818.12
10626.6
6907.35
7419.12
8307.27
10497.1
8625.63
11250.1
8645.03
9569.45
10854.6
10294.4
8909.36
7681.94
7419.45
7946.71
9937.45
10808.3
8886.69
7924.21
9209.19
9665.95
9986.88
7635.68
11074.1
7625.86
7803.18
7102.31
8569.64
9288.54
10366
8217.88
10015.2
10934.6
9387.17
7817.18
9165.66
8057.52
11071.8
10475.4
6879.29
8880.07
7537.46
10012.9
11576
13161.6
8112.16
9239.14
12498.9
8777.78
9833.43
9436.11
7564.31
9633.93
11597.3
11570.5
9805.52
8742.06
6850.26
10710.4
13205.5
11206.2
12131.4
9750.52
9821.39
10544
9310.51
10259.9
9003.71
9905.49
11713.6
10134
8751.98
9392.1
11215.3
11233.2
11817.9
5652.24
11132.8
8920.28
9594.72
9178.79
8615.13
11842.7
8543.14
10914.3
6808.5
8646.12
10711.8
7871.25
9441.92
8504.98
9608.32
10102.7
9931.18
10058.7
8234.38
11416.8
9775.39
7886.05
9253.73
11308.3
10941
11008
7077.37
7940.37
10265.9
7802.98
7882.64
7996.93
9695.44
11775
8468.04
7392.82
9239.27
5811.01
9361.5
10912.2
11468.4
8087.24
10422.2
10094.4
9367.51
9920.3
13263.5
8368.96
10220.2
11644.3
10805.3
9495.81
8931.3
8615.44
10484.8
9425.41
7096.28
10282.6
9437.32
6890.17
9853.78
7460.28
9083.65
9718.86
12756.1
10686.3
10080.9
11191.7
10832.2
15521.7
9625.23
9472.95
9661.27
11239.7
10537.7
8692.79
10117.3
10296.4
9288.21
10499.8
11125.1
8216.02
9771.92
9148.65
8159.77
9453.03
7645.86
10132.1
9352.44
8093.52
7187.46
7324.18
10397.1
6360.85
7658.23
7581.91
9756.97
10202.1
7259.35
9403.41
9717.02
13907.2
8774.23
9519.3
9246.39
11165.6
10584.4
7032.35
9471.29
11065
10561.8
8049.5
10553.7
9298.55
12122.2
12085.7
7185.96
11517.1
9440.79
9487.36
6669.41
8217.34
7916.96
9773.89
9311.94
7746.7
9796.09
7801.81
10344.1
11923.1
7879.49
7396.08
9821.65
7454.9
7612.29
7505.57
10227.7
7184.98
10670.8
9820.34
12687.4
7071.35
9132
9554.39
10284.7
9200.15
10163.7
10563.6
7335.83
11553.2
9102.99
11483.3
7289.78
9313.46
8347.31
11127.8
7943.79
11306.3
9190.42
8535.64
14911.9
11862.3
10289.3
11450
5530.96
11249.5
12480.4
10063.8
8183
12184.6
9825.17
10188.1
13909.6
9007.93
12932.9
9494.11
8848.53
8552.38
6863.73
5795.25
7910.22
12520.3
7767.62
9141.34
12730.3
8878.24
12365.2
8270.64
10289.3
10057.8
10633
10252.6
12321.4
11924.2
10734.2
8220.34
9851.89
10433.7
9310.85
8764.03
11935.8
11410.4
8280.4
9877.79
10157.8
11666.5
8773.03
11739.8
11061.1
9183.83
11440.9
9160.5
7222.95
9475.14
11973.7
11698.6
10117.2
10170.6
9837.73
9826.69
12331
11361.9
8453.06
11105.5
11364.1
10602.8
6783.29
8904.25
11340.8
12677.5
12620
8883.58
8468.82
12500.3
10204.1
14720.3
11142.8
8727.69
7269.23
8176.18
7793.07
10537.9
9668.02
8692.64
9282.64
8182.15
5919.14
10749.3
9126.97
7198.43
11283.3
11379.7
10450.9
9653.37
9870.76
9568.69
10597.2
9376.59
12064.2
8974.09
10575.2
9458.01
9123.48
8758.21
9106.95
9350.17
11831.2
10731.9
10229.8
12071.5
8907.36
9026.47
10549.7
9233.68
8987.07
10032.6
11726
10461.3
12616.4
8638.09
8024.36
11314.8
10620.7
9558.02
12298
8898.09
9175.84
9671.55
5583.97
9429.56
11257.1
8743.91
6261.92
7217.41
10107.1
9691.08
8632.32
7621.29
10828.9
9027.37
10372.7
11732.6
10103.2
9156.04
9577.61
7611.74
11338.9
12022.8
10351.6
9980.9
8619.67
12159.8
11666.4
10095
9764.98
11326.2
9725.01
10568.2
9313.45
11200.7
12791
17144.6
13485.8
12046.8
12533.8
12873.8
8895.17
10845.5
10433.6
13686.4
7624.13
11762.1
11136
9017.34
10046.9
12270
9616.38
8457.76
9132.02
11365.3
9693.95
13436.3
8947.89
8099.66
7743.71
10421.8
10367.1
8095.02
6184.16
6441.81
11585.6
10369.1
10642.5
8440.98
11259.3
8544.58
9398.09
9740.54
11390.3
9337.47
8647.24
8470.19
14834.4
8281.64
10063.1
9043.04
10789.2
6329.53
9150.68
10781.5
11799.7
10237.7
10271.3
9422.65
7996.16
7383.2
6852.33
11373.9
12999.1
9587.95
7651.56
9739.46
12339.1
13192.7
9545.82
11013.8
9811.21
9318.52
13589.6
8548.49
6567.07
10011.4
9386.91
10191.4
9939.68
9257.38
7676.62
8030.98
11590.4
8922.34
10412.6
10387.2
9047.9
12679.6
6058.37
14673
16892.6
15839.3
12483.1
11677.9
12639.9
13062.8
14083.9
12519.9
10372.2
8418.46
10464.4
9609.18
12678.7
10819.5
9363.34
8516.33
11162.9
9130.73
10127.3
15548.8
17248.3
11501.4
15257.2
12963.1
17297
15149
17393.6
15075.6
16744.2
11668.9
14517.2
15918.3
11016
11251.6
14027.2
12615.3
14862.5
12564
11026.1
9097.76
8624.76
10984.6
7977.84
12751.5
13585.2
8956.36
8648.62
10847.4
9926.9
6708.51
11332.7
7292.32
6529.06
10083.2
11168.2
9718.56
12800.7
10285.5
9634.78
7425.45
11526
9463.47
10103.8
10567.5
8659.62
13252.8
8836.07
9649.84
10199.3
12369.5
11860
10146.5
9317.46
8082.28
12325.1
8261.69
8855.58
10543.2
8661.93
10592.2
7302.75
7988.44
10055.4
10552.9
10022.3
9360.34
14841.8
8908.98
11365.9
10087.2
8141.97
7376.69
10850
9782.06
10491.4
8333.78
10416.9
8508.88
13133.7
10170.2
11765.2
9943.54
8731.97
9084.08
5760.23
8264.55
7722.87
11189.6
9420.93
7863.34
8637.63
11443.3
12175.2
5983.69
11793.1
11094.7
9308.76
11462.5
9018.22
9817.93
10846.9
6798.34
9393.46
9217.62
10412
7363.09
12429.1
8252.19
10451.2
7049.12
12268.9
6940.44
8817.74
8393.38
10419.7
11102.6
10745
7850.5
9392.93
10358.8
11483.4
9966.12
12695.3
7154.64
11255.4
7007.19
8954.12
14144.4
15171.3
11609.6
10713
10083.8
13107.5
11729
11353
9445.72
7932.36
10769.6
10403
11522
9981.25
9103.78
10330.2
14394.1
8342.09
9039.07
11692.7
9209.53
9592.86
8953.62
10919.2
11460.6
8497.85
9079.9
10133.8
10109.8
10988.7
9993.61
9630.28
11113.5
11305.9
10183.6
8479.49
11038.6
12821.6
12219.8
10461
8933.55
7132.09
10225.6
11427.2
9588.3
9499.1
10136.1
12338.3
11462.5
6489.12
9640.19
13490.2
11184.6
10926
9263.02
10751.4
10709.4
8927.09
8932.55
9897.13
12803.4
10008
10739
7447.6
12502.9
11868.9
13232.9
8539.62
10598.5
8776.91
10856.5
12498.7
12572.1
10265.9
8115.02
10450.7
7387.15
9704.38
11632.8
7935.25
8874.52
11629.8
11006.1
12553.3
11172.6
10031.5
6630.87
11732.4
8413.6
9308.77
9601.7
13870.5
9696.79
11037
12138.9
14818.6
9576.91
10621
10177.6
7269.41
11302.7
11912.6
12881.9
12275.2
8879.45
12849.7
10762
11579.2
9970.39
11950.9
12224.9
10881.2
12654.8
16908.4
16586.8
14672.9
16108.2
18921.5
17847
16128.3
11402.7
26031.7
21831.9
11355.1
10304.2
14171.8
11396.7
13476.5
16582.8
