1132.84
2640.93
3889.57
5258.4
6592.15
8294.25
8762.38
10113.6
11967
14029.9
16319.9
17957.3
19295.3
20956.6
23117.6
24421
26623.6
27848.5
29393.8
31077.4
33517.4
34926.3
36514.5
37565.9
40029
40527.6
42032.2
44962.9
46541.7
51180.2
50503.3
52455.5
53396
61852.3
61092.6
62944.5
69286.3
68545.4
72088.3
72697.3
78353.9
81408.1
82851.4
86334.6
87797.2
93455.6
99360
98627.9
99051.9
104257
108748
111284
109199
125824
123874
131586
128588
132865
133413
144661
168374
153623
154250
155422
156461
170147
167265
180905
180331
176811
175687
198281
193183
197359
186802
191866
210292
200003
189852
229678
225235
207390
220859
220607
216364
216660
225099
232746
228365
231845
240543
243612
244656
245182
260868
265443
261709
244901
263250
266758
266122
266003
266068
278753
269221
276672
288158
285739
269781
281164
295653
294859
291435
300385
295815
288388
296431
305906
302676
307705
303250
306837
305351
315037
306395
321052
318713
317443
311890
334073
321031
331197
329474
341182
329274
340700
358478
336972
346463
351094
350496
359900
350229
352925
362340
359757
368741
375833
362346
373494
395132
372224
390772
373489
378973
391670
388474
386608
404185
402232
402176
401424
411147
406583
406163
424288
430448
417988
409512
428332
432451
430440
434678
428178
444401
433830
439739
447034
439706
443708
437896
460131
457503
452043
449226
472360
471641
478020
476737
500137
504934
498359
570747
517600
512546
543234
503698
561131
588135
556579
531616
537355
524228
562367
539316
550404
560150
656333
586543
549951
575688
600868
621826
682211
577872
629288
670335
740595
1.16062e+06
880920
722736
833645
884268
794361
689077
686662
764807
627052
678290
608376
657128
716348
679616
708591
719588
700870
663529
743703
703567
691566
673146
1.00681e+06
727667
763929
659777
775326
735345
752698
731655
1.05228e+06
728627
1.30525e+06
781137
801285
640072
636825
623275
671370
783854
727974
789602
726983
722369
917667
1.07041e+06
763760
752532
700163
692758
694916
693611
679336
676449
697616
705880
743889
922863
1.09712e+06
778587
813072
838816
903100
1.16477e+06
953971
1.00039e+06
858220
789977
1.24644e+06
988007
785672
739198
747687
735185
733260
755355
798942
962950
811710
786408
892258
1.19173e+06
1.23767e+06
798743
792679
807912
815504
830242
840707
841594
867324
840886
1.17504e+06
1.16332e+06
893191
886371
896918
899653
933212
940368
963481
1.15548e+06
1.41681e+06
1.54752e+06
1.23588e+06
980277
977972
995257
984925
1.01935e+06
1.04385e+06
1.07996e+06
1.52854e+06
1.12227e+06
1.05224e+06
1.05285e+06
1.04331e+06
1.11938e+06
1.17303e+06
1.07059e+06
1.09838e+06
1.09207e+06
1.25576e+06
1.66276e+06
1.19588e+06
1.27575e+06
1.48943e+06
1.75257e+06
1.76923e+06
1.90874e+06
1.97048e+06
1.94627e+06
1.87168e+06
1.76562e+06
1.74525e+06
1.66239e+06
1.72691e+06
1.85158e+06
1.62304e+06
1.60979e+06
1.70664e+06
1.78826e+06
1.6579e+06
1.61997e+06
1.74227e+06
1.52293e+06
1.46373e+06
1.44679e+06
1.87867e+06
1.60014e+06
1.50087e+06
1.81317e+06
1.47471e+06
1.79416e+06
1.64345e+06
1.42595e+06
1.39947e+06
1.45685e+06
1.57872e+06
1.53766e+06
1.58713e+06
1.78915e+06
1.73583e+06
1.86773e+06
1.87057e+06
1.77107e+06
1.6948e+06
1.66592e+06
1.6624e+06
1.62896e+06
1.74243e+06
1.71064e+06
1.75186e+06
1.90137e+06
1.57973e+06
1.68279e+06
1.8108e+06
1.61784e+06
1.70533e+06
1.60013e+06
1.70208e+06
1.8199e+06
1.90192e+06
1.87386e+06
1.79907e+06
1.85386e+06
1.64924e+06
1.93543e+06
1.95551e+06
1.78428e+06
1.81674e+06
1.87574e+06
1.77073e+06
1.73085e+06
1.93273e+06
1.78364e+06
1.85505e+06
1.69479e+06
1.81856e+06
1.789e+06
1.80756e+06
1.82398e+06
1.87052e+06
2.1984e+06
2.16037e+06
2.01259e+06
1.84473e+06
1.90562e+06
1.92592e+06
2.08465e+06
2.07453e+06
1.95957e+06
1.93638e+06
2.01795e+06
2.16206e+06
1.84067e+06
2.12733e+06
2.35261e+06
2.0149e+06
2.20928e+06
2.05476e+06
1.86561e+06
1.91936e+06
2.03284e+06
1.98168e+06
1.86321e+06
1.90896e+06
1.96557e+06
1.9609e+06
1.79694e+06
1.8931e+06
1.93304e+06
1.94917e+06
1.90682e+06
1.91746e+06
1.94154e+06
1.98355e+06
1.90371e+06
1.98655e+06
2.05164e+06
1.96306e+06
1.9995e+06
1.96936e+06
1.88519e+06
1.88681e+06
2.01134e+06
2.01114e+06
1.94104e+06
1.90761e+06
1.99204e+06
1.90358e+06
1.87919e+06
1.88767e+06
2.05777e+06
1.94719e+06
1.95371e+06
1.96744e+06
2.02567e+06
2.06138e+06
2.00083e+06
2.10641e+06
2.22897e+06
2.28965e+06
2.18536e+06
2.18822e+06
2.1692e+06
2.33004e+06
2.18998e+06
2.19888e+06
2.01223e+06
2.0356e+06
2.126e+06
1.97915e+06
2.02054e+06
2.03984e+06
2.04152e+06
2.17607e+06
2.26379e+06
2.35705e+06
2.43464e+06
2.15438e+06
2.19137e+06
2.2363e+06
2.48932e+06
2.29936e+06
2.03038e+06
2.21625e+06
2.48662e+06
2.41001e+06
2.4878e+06
2.29756e+06
2.22731e+06
2.24536e+06
2.27897e+06
2.63129e+06
2.43556e+06
2.20029e+06
2.12272e+06
2.04417e+06
2.02652e+06
2.11664e+06
2.24559e+06
2.27631e+06
2.3428e+06
2.24344e+06
2.26942e+06
2.12405e+06
2.13347e+06
2.16088e+06
2.15954e+06
2.33549e+06
2.2498e+06
2.25907e+06
2.19044e+06
2.23525e+06
2.17142e+06
2.22189e+06
2.31038e+06
2.19849e+06
2.1783e+06
2.03279e+06
2.20985e+06
2.13129e+06
2.14661e+06
2.19843e+06
2.26569e+06
2.18628e+06
2.23621e+06
2.28454e+06
2.32438e+06
2.12839e+06
2.20096e+06
2.22143e+06
2.24398e+06
2.13428e+06
2.17929e+06
2.17194e+06
2.25401e+06
2.17227e+06
2.2991e+06
2.23653e+06
2.32505e+06
2.3472e+06
2.37594e+06
2.40612e+06
2.19229e+06
2.17267e+06
2.33758e+06
2.26046e+06
2.39154e+06
2.36161e+06
2.37734e+06
2.18353e+06
2.25012e+06
2.25431e+06
2.20705e+06
2.33994e+06
2.49552e+06
2.29613e+06
2.12833e+06
2.27989e+06
2.34044e+06
2.28529e+06
2.2345e+06
2.27939e+06
2.24128e+06
2.31821e+06
2.18131e+06
2.17456e+06
2.2012e+06
2.21085e+06
2.29403e+06
2.42295e+06
2.26694e+06
2.42667e+06
2.3331e+06
2.22292e+06
2.2145e+06
2.4516e+06
2.62387e+06
2.33243e+06
2.39054e+06
2.32802e+06
2.6186e+06
2.4396e+06
2.33712e+06
2.21399e+06
2.38811e+06
2.2594e+06
2.32409e+06
2.39491e+06
2.34957e+06
2.38973e+06
2.2981e+06
2.32402e+06
2.29814e+06
2.45621e+06
2.46926e+06
2.38118e+06
2.39006e+06
2.42931e+06
2.45004e+06
2.38183e+06
2.34989e+06
2.44331e+06
2.55701e+06
2.43573e+06
2.46684e+06
2.46767e+06
2.51182e+06
2.37031e+06
2.25342e+06
2.34002e+06
2.32042e+06
2.47218e+06
2.54328e+06
2.45188e+06
2.31395e+06
2.34725e+06
2.55445e+06
2.29759e+06
2.3667e+06
2.30884e+06
2.50471e+06
2.4491e+06
2.4856e+06
2.46949e+06
2.34346e+06
2.42289e+06
2.29358e+06
2.40762e+06
2.32754e+06
2.32324e+06
2.43022e+06
2.38517e+06
2.52129e+06
2.45983e+06
2.52298e+06
2.46457e+06
2.40082e+06
2.5558e+06
2.50711e+06
2.40655e+06
2.56461e+06
2.34593e+06
2.52861e+06
2.53484e+06
2.36253e+06
2.42006e+06
2.38298e+06
2.47006e+06
2.39859e+06
2.36996e+06
2.52805e+06
2.43861e+06
2.55506e+06
2.39692e+06
2.51016e+06
2.31689e+06
2.38441e+06
2.488e+06
2.5919e+06
2.44347e+06
2.48153e+06
2.36525e+06
2.50101e+06
2.47925e+06
2.4433e+06
2.3736e+06
2.40867e+06
2.41333e+06
2.39473e+06
2.46826e+06
2.53809e+06
2.5468e+06
2.50479e+06
2.58793e+06
2.33589e+06
2.45871e+06
2.52547e+06
2.56538e+06
2.55662e+06
2.47065e+06
2.48779e+06
2.40332e+06
2.42238e+06
2.61138e+06
2.55345e+06
2.53885e+06
2.36017e+06
2.5497e+06
2.38214e+06
2.51813e+06
2.42182e+06
2.55036e+06
2.48784e+06
2.4148e+06
2.38296e+06
2.29399e+06
2.34334e+06
2.47998e+06
2.53953e+06
2.38058e+06
2.37698e+06
2.42235e+06
2.43752e+06
2.37718e+06
2.54562e+06
2.45175e+06
2.35288e+06
2.51371e+06
2.53337e+06
2.41589e+06
2.529e+06
2.64629e+06
2.65547e+06
2.4704e+06
2.43423e+06
2.43182e+06
2.60587e+06
2.50832e+06
2.44647e+06
2.66747e+06
2.48643e+06
2.32108e+06
2.5188e+06
2.43104e+06
2.50705e+06
2.50481e+06
2.35646e+06
2.36854e+06
2.51414e+06
2.52587e+06
2.54301e+06
2.61768e+06
2.67861e+06
2.50663e+06
2.51117e+06
2.75176e+06
2.58481e+06
2.59657e+06
2.57279e+06
2.60534e+06
2.39836e+06
2.37505e+06
2.5656e+06
2.55835e+06
2.51518e+06
2.50713e+06
2.503e+06
2.47128e+06
2.5076e+06
2.55848e+06
2.52601e+06
2.61731e+06
2.53683e+06
2.52459e+06
2.72649e+06
2.43622e+06
2.57814e+06
2.42215e+06
2.44982e+06
2.64161e+06
2.45131e+06
2.61633e+06
2.56535e+06
2.49491e+06
2.47993e+06
2.50358e+06
2.60829e+06
2.53932e+06
2.59625e+06
2.60655e+06
2.56921e+06
2.5685e+06
2.50609e+06
2.48871e+06
2.47742e+06
2.4677e+06
2.47718e+06
2.54742e+06
2.58235e+06
2.66387e+06
2.57533e+06
2.81752e+06
2.46889e+06
2.59405e+06
2.57889e+06
2.54928e+06
2.66254e+06
2.57402e+06
2.4367e+06
2.5291e+06
2.64458e+06
2.56225e+06
2.66249e+06
2.50981e+06
2.61023e+06
2.58202e+06
2.38774e+06
2.53812e+06
2.63849e+06
2.48256e+06
2.49095e+06
2.45507e+06
2.60223e+06
2.62596e+06
2.57641e+06
2.7972e+06
2.58981e+06
2.62826e+06
2.61492e+06
2.63126e+06
2.69973e+06
2.64988e+06
2.4717e+06
2.70963e+06
2.61472e+06
2.62387e+06
2.72071e+06
2.66462e+06
2.60278e+06
2.64134e+06
2.56915e+06
2.48553e+06
2.56445e+06
2.83305e+06
2.43985e+06
2.92985e+06
2.64318e+06
2.67398e+06
2.60877e+06
2.56279e+06
2.71413e+06
2.46435e+06
2.69029e+06
2.58103e+06
2.78298e+06
2.66769e+06
2.65711e+06
2.67638e+06
2.67963e+06
2.6391e+06
2.70558e+06
2.51628e+06
2.62373e+06
2.75536e+06
2.74741e+06
2.66097e+06
2.83575e+06
2.65786e+06
2.71545e+06
2.74643e+06
2.74478e+06
2.63752e+06
2.68547e+06
2.99965e+06
2.82458e+06
2.65313e+06
2.64067e+06
2.6424e+06
2.83564e+06
2.7295e+06
2.6446e+06
2.65584e+06
2.69514e+06
2.72797e+06
2.57097e+06
2.64671e+06
2.74054e+06
2.60763e+06
2.7971e+06
2.70073e+06
2.5739e+06
2.73246e+06
2.67151e+06
2.7708e+06
2.66906e+06
2.7476e+06
2.69808e+06
2.69919e+06
2.86226e+06
2.75807e+06
2.76305e+06
2.65352e+06
2.64981e+06
2.9006e+06
2.65673e+06
2.69654e+06
2.68018e+06
2.6665e+06
2.68433e+06
2.70278e+06
2.9315e+06
2.82174e+06
2.67439e+06
2.80451e+06
2.69231e+06
2.77951e+06
2.63664e+06
2.71588e+06
2.8873e+06
2.55683e+06
2.78849e+06
2.66867e+06
2.64229e+06
2.63843e+06
2.68037e+06
2.58495e+06
2.7933e+06
2.73093e+06
2.6585e+06
2.77e+06
2.83161e+06
2.76215e+06
2.76945e+06
2.73983e+06
2.6993e+06
2.82936e+06
2.70382e+06
2.69365e+06
2.82055e+06
2.46628e+06
3.15552e+06
2.9446e+06
2.77458e+06
2.65626e+06
2.82246e+06
2.73096e+06
2.51844e+06
2.81153e+06
2.6967e+06
2.72283e+06
2.62267e+06
2.7009e+06
2.75874e+06
2.6472e+06
2.61626e+06
2.86494e+06
2.75971e+06
2.65873e+06
2.61592e+06
2.61293e+06
2.65882e+06
2.47349e+06
2.7007e+06
2.79873e+06
2.69934e+06
2.72611e+06
2.72339e+06
2.73025e+06
2.8511e+06
2.63495e+06
2.63093e+06
2.61996e+06
2.6937e+06
2.70995e+06
2.74731e+06
2.70548e+06
2.88788e+06
2.55258e+06
2.90309e+06
2.7358e+06
2.79329e+06
2.84925e+06
2.93131e+06
2.92788e+06
2.74478e+06
2.57023e+06
2.97262e+06
2.89825e+06
2.82279e+06
2.94307e+06
2.82682e+06
2.90941e+06
2.6806e+06
2.63742e+06
2.60822e+06
2.62383e+06
2.75617e+06
2.97873e+06
2.66158e+06
2.66193e+06
2.73854e+06
2.79936e+06
2.87484e+06
2.78469e+06
2.84279e+06
2.55489e+06
2.76899e+06
2.84567e+06
2.84115e+06
2.88767e+06
2.94929e+06
2.81489e+06
2.74602e+06
2.6656e+06
2.93603e+06
2.8254e+06
2.84832e+06
3.1253e+06
2.77864e+06
2.7186e+06
2.97774e+06
2.83626e+06
2.80186e+06
2.79222e+06
2.91051e+06
2.66888e+06
2.61798e+06
2.79165e+06
2.77956e+06
2.79796e+06
2.75871e+06
2.80579e+06
2.58298e+06
2.76113e+06
2.92206e+06
2.83043e+06
2.79275e+06
2.82902e+06
2.98298e+06
2.73255e+06
2.82601e+06
2.70122e+06
2.84091e+06
2.6358e+06
2.80702e+06
2.92502e+06
2.92083e+06
2.94215e+06
2.86193e+06
2.8632e+06
2.83878e+06
2.78246e+06
2.92608e+06
2.68616e+06
2.79409e+06
2.56073e+06
2.5348e+06
2.71835e+06
2.63164e+06
2.69328e+06
2.48226e+06
2.64237e+06
2.76587e+06
2.67104e+06
2.67533e+06
2.6213e+06
2.81975e+06
2.77214e+06
2.66309e+06
2.72064e+06
2.72496e+06
2.68463e+06
2.80815e+06
2.74552e+06
2.73212e+06
2.80069e+06
2.85019e+06
3.0774e+06
3.01113e+06
2.78751e+06
3.2174e+06
2.89353e+06
2.79325e+06
3.08094e+06
2.83779e+06
3.17927e+06
2.95291e+06
3.05138e+06
2.91682e+06
2.87798e+06
2.66036e+06
2.83371e+06
2.73286e+06
2.6406e+06
2.65852e+06
2.67675e+06
2.70544e+06
3.05024e+06
3.00229e+06
3.0658e+06
3.14535e+06
2.88929e+06
2.82759e+06
2.85492e+06
2.69921e+06
2.80305e+06
2.86644e+06
2.72926e+06
2.70764e+06
2.83278e+06
2.79188e+06
2.75227e+06
2.89411e+06
2.78082e+06
2.86756e+06
2.76407e+06
2.77239e+06
2.62904e+06
2.86167e+06
2.71654e+06
2.85887e+06
2.73967e+06
2.53264e+06
2.62329e+06
2.99952e+06
2.69745e+06
2.73883e+06
2.8088e+06
2.72802e+06
2.75223e+06
2.69361e+06
2.69718e+06
2.89184e+06
2.71631e+06
2.63938e+06
2.75156e+06
3.11363e+06
2.70427e+06
2.92473e+06
2.85823e+06
3.01832e+06
2.95883e+06
3.07676e+06
3.1611e+06
3.08791e+06
2.8737e+06
2.79598e+06
2.97016e+06
2.82252e+06
2.74498e+06
3.05293e+06
3.00904e+06
2.81797e+06
2.85492e+06
2.75096e+06
2.83044e+06
2.73407e+06
2.75111e+06
2.71353e+06
3.0383e+06
2.74305e+06
2.76998e+06
2.90196e+06
2.83439e+06
2.82912e+06
2.82901e+06
2.80305e+06
2.91467e+06
2.78213e+06
2.74762e+06
2.98538e+06
2.77461e+06
2.71191e+06
2.70452e+06
2.72458e+06
2.86568e+06
2.80605e+06
2.8246e+06
2.73697e+06
2.78695e+06
2.75389e+06
3.14997e+06
2.99463e+06
2.85378e+06
2.8746e+06
2.95476e+06
2.87715e+06
2.85388e+06
2.91546e+06
2.73091e+06
2.96893e+06
2.76553e+06
2.75876e+06
2.8092e+06
2.62171e+06
2.89641e+06
2.90844e+06
2.71469e+06
2.57794e+06
2.87896e+06
2.75089e+06
2.84231e+06
2.62343e+06
3.02739e+06
3.10388e+06
2.88415e+06
2.94148e+06
2.78399e+06
2.66812e+06
2.88033e+06
2.85932e+06
2.75224e+06
2.66243e+06
2.89131e+06
2.94814e+06
2.89208e+06
3.02988e+06
3.46083e+06
3.36733e+06
3.08115e+06
2.95652e+06
2.81474e+06
3.02642e+06
2.77604e+06
2.72187e+06
2.84383e+06
2.68806e+06
2.92425e+06
2.78559e+06
2.78489e+06
2.90786e+06
2.93619e+06
2.73917e+06
3.37918e+06
3.12667e+06
2.87427e+06
2.76633e+06
3.09254e+06
2.78959e+06
2.78973e+06
2.68191e+06
2.63211e+06
2.90198e+06
2.91163e+06
2.68246e+06
2.7909e+06
2.87112e+06
2.95785e+06
2.7612e+06
2.91914e+06
2.66208e+06
3.01785e+06
2.74572e+06
2.74597e+06
2.97039e+06
2.82336e+06
2.92336e+06
2.85964e+06
2.77423e+06
2.79734e+06
2.8295e+06
2.82586e+06
2.72265e+06
2.76432e+06
2.88243e+06
2.93147e+06
3.01884e+06
2.99141e+06
2.82288e+06
2.92551e+06
2.80489e+06
2.86508e+06
3.00367e+06
2.84256e+06
2.87373e+06
2.74365e+06
2.93909e+06
2.94634e+06
2.58315e+06
2.74535e+06
2.98767e+06
2.72569e+06
2.66949e+06
2.90661e+06
2.7405e+06
2.72564e+06
2.77281e+06
2.86686e+06
2.66703e+06
2.7351e+06
2.69357e+06
2.67892e+06
2.80778e+06
2.97601e+06
2.81218e+06
2.85892e+06
2.72012e+06
2.8765e+06
2.67235e+06
3.04621e+06
2.95805e+06
2.81478e+06
3.16787e+06
2.93962e+06
2.99262e+06
2.76017e+06
3.40558e+06
3.19026e+06
3.10267e+06
2.69398e+06
2.78918e+06
2.93327e+06
2.88047e+06
2.81742e+06
2.75609e+06
2.79905e+06
2.87522e+06
2.83455e+06
2.86224e+06
2.81839e+06
2.70297e+06
2.78917e+06
3.10229e+06
3.28643e+06
2.81218e+06
2.84752e+06
2.83851e+06
3.02356e+06
2.78669e+06
3.08562e+06
2.81654e+06
2.9837e+06
3.07287e+06
2.75446e+06
2.7566e+06
2.79443e+06
2.91881e+06
2.97266e+06
2.91301e+06
3.76344e+06
3.01433e+06
3.03569e+06
3.01751e+06
2.91696e+06
2.71446e+06
2.80127e+06
2.66641e+06
2.69055e+06
2.85756e+06
2.89293e+06
2.80689e+06
2.69343e+06
2.79419e+06
2.68067e+06
2.79205e+06
2.99839e+06
3.0881e+06
2.96833e+06
2.82231e+06
2.89108e+06
2.83121e+06
2.8863e+06
2.77953e+06
2.76844e+06
3.10513e+06
2.94607e+06
2.61537e+06
2.82088e+06
2.93741e+06
3.04153e+06
2.89742e+06
2.8206e+06
2.77122e+06
2.71837e+06
2.76928e+06
2.97686e+06
3.1391e+06
2.973e+06
2.75611e+06
2.85198e+06
2.78188e+06
2.94769e+06
2.80317e+06
2.98397e+06
2.80498e+06
2.94753e+06
2.78779e+06
3.00057e+06
2.8144e+06
2.81073e+06
2.65112e+06
2.79048e+06
2.8478e+06
2.9377e+06
2.86881e+06
2.77584e+06
2.97176e+06
2.94159e+06
2.91773e+06
2.95963e+06
2.99009e+06
2.81871e+06
2.77163e+06
3.04199e+06
3.05826e+06
2.92489e+06
3.05743e+06
2.84244e+06
3.02272e+06
2.91038e+06
2.73053e+06
2.79195e+06
2.8966e+06
2.83764e+06
2.99679e+06
2.74643e+06
2.83244e+06
2.87252e+06
2.75612e+06
3.07317e+06
2.9289e+06
2.72536e+06
2.84851e+06
2.5521e+06
2.51999e+06
2.88754e+06
2.86447e+06
2.79916e+06
3.01228e+06
3.06168e+06
2.76354e+06
2.96452e+06
2.8644e+06
3.03817e+06
3.07903e+06
3.07966e+06
3.0004e+06
2.98273e+06
2.99777e+06
2.75727e+06
2.64566e+06
2.8734e+06
2.86347e+06
2.69132e+06
2.80981e+06
2.94078e+06
2.8478e+06
2.82208e+06
2.74394e+06
2.82037e+06
2.97348e+06
2.65991e+06
2.64023e+06
2.6391e+06
2.75394e+06
2.81056e+06
2.64942e+06
2.81937e+06
2.64658e+06
2.84069e+06
2.84474e+06
2.73899e+06
2.82188e+06
3.09489e+06
3.10241e+06
2.68542e+06
3.23657e+06
2.95348e+06
2.99892e+06
2.72289e+06
2.99244e+06
2.79238e+06
2.84374e+06
2.75246e+06
3.04745e+06
2.88135e+06
2.85666e+06
2.80801e+06
2.65569e+06
2.78646e+06
2.63859e+06
2.72086e+06
2.99468e+06
2.96297e+06
2.98128e+06
2.80748e+06
2.70772e+06
2.96328e+06
2.8078e+06
2.80493e+06
2.7267e+06
3.04287e+06
3.09417e+06
3.18869e+06
2.84179e+06
2.87757e+06
2.91217e+06
2.97336e+06
3.1624e+06
2.75301e+06
2.77358e+06
2.85164e+06
2.7913e+06
3.09706e+06
2.91631e+06
2.87877e+06
2.86142e+06
2.86216e+06
2.94411e+06
2.75913e+06
2.9849e+06
3.09357e+06
2.86939e+06
2.7436e+06
2.9031e+06
2.86442e+06
2.77328e+06
2.90833e+06
3.04756e+06
2.91224e+06
2.66705e+06
2.87798e+06
2.84526e+06
2.97178e+06
2.82198e+06
3.05925e+06
2.87834e+06
2.98874e+06
2.83463e+06
2.81226e+06
2.89882e+06
3.09075e+06
2.9115e+06
2.83531e+06
2.81387e+06
2.98262e+06
2.97545e+06
2.79773e+06
2.74809e+06
2.86899e+06
2.74811e+06
2.70172e+06
3.02084e+06
2.85042e+06
3.04392e+06
2.89956e+06
2.72456e+06
2.73009e+06
2.96361e+06
2.8279e+06
3.01666e+06
3.1604e+06
2.76698e+06
3.0636e+06
2.77392e+06
2.85505e+06
2.6223e+06
2.78597e+06
2.77645e+06
2.80473e+06
2.91263e+06
2.74189e+06
2.76843e+06
2.93412e+06
2.80938e+06
2.89906e+06
2.77164e+06
2.92766e+06
2.86905e+06
2.76574e+06
3.01481e+06
2.87021e+06
2.92584e+06
2.79666e+06
3.07309e+06
3.22368e+06
3.27323e+06
2.97342e+06
2.70395e+06
2.93916e+06
2.74129e+06
2.88663e+06
2.7285e+06
2.69839e+06
2.86336e+06
2.77853e+06
2.98955e+06
3.11405e+06
3.29696e+06
2.79179e+06
3.05215e+06
2.84434e+06
2.89125e+06
2.80741e+06
2.5978e+06
3.06138e+06
2.96394e+06
2.76137e+06
2.79807e+06
2.88637e+06
2.9201e+06
2.99112e+06
2.90385e+06
2.80394e+06
2.94475e+06
2.91776e+06
2.71237e+06
2.77055e+06
2.76066e+06
2.8502e+06
2.68597e+06
2.70255e+06
2.81046e+06
2.77823e+06
2.79704e+06
2.82345e+06
3.04447e+06
2.79998e+06
2.93471e+06
2.9268e+06
2.87937e+06
2.71738e+06
2.85058e+06
2.78393e+06
2.80736e+06
2.88326e+06
2.87217e+06
2.74995e+06
2.87193e+06
2.85281e+06
2.85128e+06
2.85926e+06
2.82202e+06
2.8411e+06
2.97867e+06
2.98524e+06
3.01632e+06
2.88506e+06
2.94944e+06
2.83113e+06
2.86625e+06
3.00571e+06
2.81004e+06
2.78452e+06
2.93175e+06
2.92134e+06
2.92826e+06
3.01541e+06
2.88083e+06
2.89721e+06
2.93231e+06
3.08246e+06
2.85915e+06
2.71284e+06
2.90514e+06
2.72236e+06
2.72823e+06
2.99079e+06
2.83591e+06
2.84111e+06
2.85524e+06
2.87656e+06
2.88254e+06
2.94207e+06
2.91647e+06
2.90875e+06
2.86328e+06
2.91639e+06
2.86205e+06
2.78263e+06
2.83743e+06
2.86746e+06
2.78778e+06
2.85471e+06
2.92116e+06
2.85209e+06
2.85804e+06
2.83893e+06
3.09113e+06
2.94116e+06
2.88615e+06
2.88979e+06
2.81689e+06
3.01753e+06
2.98817e+06
3.09375e+06
2.76801e+06
2.79773e+06
3.02795e+06
3.13243e+06
2.86675e+06
2.85227e+06
2.77691e+06
2.92851e+06
2.74971e+06
2.94123e+06
2.69782e+06
2.77502e+06
2.85472e+06
2.98607e+06
2.87379e+06
3.03891e+06
2.91977e+06
3.01228e+06
2.59983e+06
2.87713e+06
2.75437e+06
2.84778e+06
3.00981e+06
2.73776e+06
2.78991e+06
3.01253e+06
2.85004e+06
2.847e+06
2.85053e+06
2.88456e+06
2.97912e+06
2.7694e+06
2.93877e+06
3.05372e+06
2.9327e+06
2.74021e+06
2.77981e+06
2.75055e+06
2.77823e+06
2.95366e+06
3.04296e+06
2.84488e+06
3.22913e+06
3.09208e+06
3.11295e+06
3.24902e+06
2.97835e+06
2.96416e+06
2.78517e+06
2.80477e+06
2.70481e+06
2.67527e+06
2.66392e+06
2.85604e+06
3.01601e+06
2.92458e+06
3.18505e+06
3.0366e+06
3.09573e+06
3.26259e+06
2.81139e+06
2.82928e+06
2.98395e+06
2.7899e+06
2.93744e+06
2.82858e+06
2.72618e+06
2.94257e+06
2.80859e+06
3.04403e+06
2.80132e+06
2.88572e+06
2.98916e+06
3.08251e+06
3.06924e+06
2.70372e+06
2.59587e+06
3.01424e+06
3.03494e+06
2.91984e+06
2.96038e+06
2.71936e+06
3.06334e+06
2.70329e+06
2.84315e+06
3.13047e+06
2.95651e+06
2.86745e+06
2.91581e+06
3.05606e+06
2.72848e+06
2.82305e+06
3.02666e+06
3.01382e+06
2.60518e+06
2.78673e+06
3.12903e+06
2.91496e+06
2.8033e+06
2.895e+06
3.00065e+06
2.94922e+06
2.86308e+06
3.14524e+06
3.00726e+06
2.7901e+06
2.88289e+06
2.75536e+06
2.92466e+06
2.84045e+06
2.96352e+06
2.7317e+06
2.80127e+06
2.74333e+06
3.02364e+06
3.04861e+06
2.7164e+06
2.78715e+06
2.7991e+06
2.86475e+06
2.6988e+06
2.98007e+06
2.89125e+06
2.57442e+06
2.71393e+06
2.93609e+06
2.76946e+06
2.86334e+06
2.82606e+06
2.76809e+06
2.89494e+06
2.75485e+06
2.80526e+06
2.87034e+06
2.8358e+06
2.92832e+06
2.81338e+06
2.83284e+06
3.11571e+06
2.7539e+06
2.95235e+06
2.8383e+06
2.74589e+06
2.78403e+06
2.63613e+06
2.66891e+06
2.78142e+06
2.77129e+06
2.9776e+06
2.85107e+06
2.87869e+06
2.86181e+06
2.7226e+06
2.80119e+06
2.90467e+06
2.90219e+06
3.10249e+06
2.95375e+06
2.84449e+06
2.75349e+06
2.9118e+06
2.7196e+06
2.71927e+06
2.68481e+06
2.77276e+06
2.5945e+06
2.9666e+06
2.8978e+06
2.77757e+06
2.70915e+06
2.90413e+06
2.71992e+06
2.74532e+06
2.97429e+06
2.80353e+06
3.17782e+06
3.2352e+06
2.99068e+06
2.85642e+06
2.73781e+06
2.98729e+06
2.84114e+06
2.84372e+06
2.86337e+06
2.82646e+06
2.782e+06
2.99905e+06
2.87025e+06
2.99803e+06
2.8778e+06
3.04155e+06
2.84706e+06
2.77123e+06
2.7749e+06
2.74556e+06
2.72648e+06
2.81663e+06
2.6851e+06
2.91221e+06
2.7118e+06
2.8634e+06
3.00886e+06
2.86459e+06
2.90678e+06
2.88146e+06
3.09464e+06
2.82416e+06
2.71949e+06
2.82258e+06
3.31956e+06
3.00617e+06
2.92425e+06
3.0022e+06
3.03293e+06
3.25961e+06
2.93051e+06
2.72268e+06
2.61637e+06
2.78352e+06
2.95194e+06
2.94585e+06
2.74023e+06
2.95865e+06
2.86673e+06
3.00738e+06
2.72429e+06
2.91059e+06
2.99619e+06
2.98808e+06
2.90184e+06
2.97934e+06
2.87097e+06
2.76741e+06
2.90043e+06
3.00747e+06
3.03406e+06
2.91998e+06
3.16149e+06
2.8691e+06
2.82681e+06
2.93205e+06
2.85583e+06
2.8631e+06
2.8393e+06
3.05104e+06
2.88614e+06
2.80741e+06
2.93684e+06
2.81995e+06
2.80607e+06
2.77451e+06
2.89213e+06
2.76069e+06
3.00121e+06
2.66179e+06
2.98889e+06
2.86181e+06
2.81544e+06
2.87512e+06
2.83486e+06
2.9753e+06
2.84221e+06
2.97338e+06
2.78456e+06
2.77032e+06
2.85486e+06
2.89801e+06
2.8492e+06
2.98524e+06
2.73579e+06
2.81599e+06
3.00851e+06
2.90192e+06
2.8047e+06
2.77688e+06
2.95832e+06
2.78167e+06
2.80899e+06
2.83301e+06
2.96906e+06
2.85392e+06
2.88505e+06
2.90836e+06
2.93207e+06
2.88164e+06
2.77746e+06
3.00602e+06
2.9471e+06
2.92857e+06
2.98344e+06
2.90701e+06
2.6519e+06
2.95036e+06
2.92331e+06
2.72584e+06
2.96929e+06
2.923e+06
2.83234e+06
2.67602e+06
2.65752e+06
2.81459e+06
2.71245e+06
2.72044e+06
2.65903e+06
2.73005e+06
3.23407e+06
3.03356e+06
2.80984e+06
2.87779e+06
3.1034e+06
2.77375e+06
2.89642e+06
2.77619e+06
3.03501e+06
3.08913e+06
2.66124e+06
2.79299e+06
2.83679e+06
2.90157e+06
3.15799e+06
2.97911e+06
2.92668e+06
3.03952e+06
3.13953e+06
2.94378e+06
2.90981e+06
2.80035e+06
2.76466e+06
2.80096e+06
2.7061e+06
2.82618e+06
2.75808e+06
2.68875e+06
2.92555e+06
2.8485e+06
2.7239e+06
3.03551e+06
2.74564e+06
2.73126e+06
2.72979e+06
2.75765e+06
2.83153e+06
2.71348e+06
2.96036e+06
2.7303e+06
3.03567e+06
2.75583e+06
2.88205e+06
2.75281e+06
2.98542e+06
2.61296e+06
2.77782e+06
2.83567e+06
2.75063e+06
2.75549e+06
2.82074e+06
2.84893e+06
2.73276e+06
2.62045e+06
2.95752e+06
2.96614e+06
2.78022e+06
2.74831e+06
2.83692e+06
2.84444e+06
2.93505e+06
2.66318e+06
2.836e+06
2.95459e+06
2.76705e+06
2.88628e+06
2.92543e+06
2.73614e+06
2.97058e+06
2.76786e+06
2.85165e+06
2.76477e+06
2.89123e+06
2.92185e+06
2.92592e+06
2.77976e+06
2.86616e+06
2.63316e+06
2.71194e+06
2.68123e+06
2.83787e+06
2.85521e+06
2.89132e+06
2.83585e+06
2.77515e+06
2.88592e+06
2.71472e+06
2.69177e+06
2.99501e+06
2.86392e+06
2.68619e+06
2.75465e+06
2.74733e+06
2.86382e+06
2.86813e+06
2.94527e+06
2.84379e+06
2.73656e+06
2.76613e+06
2.70776e+06
2.93343e+06
2.77331e+06
2.88798e+06
2.8309e+06
2.7174e+06
2.80938e+06
2.82361e+06
2.80447e+06
2.79967e+06
2.85611e+06
2.89003e+06
2.86748e+06
2.81858e+06
2.82217e+06
2.78116e+06
3.06875e+06
3.03995e+06
2.88727e+06
2.90713e+06
3.02142e+06
2.51553e+06
2.92311e+06
2.78592e+06
2.80372e+06
2.96679e+06
2.81428e+06
2.70576e+06
3.01231e+06
2.69418e+06
2.7925e+06
2.81748e+06
2.91383e+06
2.8759e+06
2.75249e+06
2.81719e+06
2.75992e+06
2.71376e+06
2.78997e+06
3.09751e+06
2.97738e+06
2.95367e+06
3.3577e+06
2.97946e+06
3.12503e+06
2.82909e+06
2.87734e+06
2.92026e+06
3.00064e+06
3.23125e+06
3.10244e+06
3.05586e+06
2.89672e+06
2.97989e+06
3.05949e+06
2.96625e+06
2.97107e+06
2.99017e+06
2.90316e+06
2.93442e+06
2.95766e+06
2.97122e+06
3.03878e+06
2.86397e+06
2.79574e+06
2.7685e+06
2.81683e+06
2.84568e+06
2.87549e+06
2.76082e+06
2.96212e+06
2.9449e+06
2.93181e+06
2.96227e+06
2.90104e+06
2.87562e+06
2.83456e+06
2.95884e+06
2.63238e+06
2.97368e+06
2.8669e+06
2.93118e+06
2.79258e+06
2.80429e+06
2.81293e+06
2.74977e+06
2.81839e+06
2.70256e+06
2.76727e+06
3.13786e+06
2.88575e+06
2.89226e+06
2.86195e+06
2.88185e+06
2.91038e+06
2.82047e+06
2.83968e+06
2.90365e+06
2.7738e+06
2.69545e+06
2.95685e+06
2.97816e+06
2.98959e+06
2.84911e+06
2.8503e+06
2.93993e+06
3.08713e+06
3.08938e+06
2.97987e+06
2.96071e+06
3.19673e+06
3.0018e+06
2.89074e+06
2.99908e+06
2.73893e+06
2.84418e+06
2.90026e+06
2.81512e+06
2.96059e+06
3.12184e+06
3.06639e+06
3.03651e+06
2.78191e+06
2.78069e+06
3.00986e+06
3.17917e+06
2.85952e+06
2.96339e+06
2.79811e+06
2.90378e+06
2.84008e+06
2.91699e+06
2.83869e+06
2.78657e+06
2.68629e+06
2.99767e+06
2.99537e+06
2.95918e+06
2.79939e+06
3.15817e+06
2.68615e+06
2.85155e+06
2.87832e+06
3.0665e+06
3.11577e+06
2.81116e+06
3.17193e+06
3.07883e+06
2.92973e+06
3.10083e+06
3.07957e+06
3.06934e+06
3.16506e+06
3.20321e+06
3.18573e+06
2.75601e+06
2.91087e+06
3.29627e+06
3.13199e+06
3.03646e+06
3.06015e+06
2.89774e+06
2.89505e+06
2.94992e+06
2.93163e+06
2.84453e+06
2.78246e+06
2.75045e+06
3.04306e+06
2.9684e+06
2.88337e+06
2.79312e+06
2.93227e+06
3.21762e+06
2.79072e+06
3.18016e+06
3.06506e+06
2.8788e+06
2.99786e+06
2.8522e+06
2.80978e+06
2.89358e+06
3.09026e+06
3.03477e+06
2.95069e+06
2.8571e+06
2.8462e+06
3.1195e+06
3.03088e+06
2.928e+06
2.77818e+06
2.76823e+06
2.80583e+06
2.92459e+06
3.02877e+06
2.87209e+06
2.84678e+06
2.82021e+06
2.86157e+06
2.85474e+06
2.68705e+06
2.93232e+06
2.82465e+06
2.75446e+06
2.67877e+06
2.92928e+06
2.96871e+06
2.88466e+06
2.96212e+06
2.72081e+06
2.83958e+06
2.83001e+06
2.84845e+06
2.91467e+06
2.96743e+06
2.93366e+06
3.1537e+06
2.94365e+06
2.91983e+06
2.99684e+06
3.01744e+06
2.91574e+06
3.22042e+06
3.23566e+06
2.96369e+06
2.73199e+06
2.75284e+06
3.08608e+06
2.97116e+06
2.9907e+06
2.88642e+06
2.95487e+06
2.82714e+06
2.79485e+06
2.84915e+06
2.80526e+06
2.9951e+06
2.83213e+06
2.78627e+06
2.80547e+06
2.86049e+06
2.82506e+06
2.64157e+06
2.79133e+06
2.58443e+06
2.64093e+06
2.7895e+06
2.69562e+06
2.75051e+06
2.7062e+06
3.04637e+06
3.00129e+06
2.88268e+06
2.674e+06
2.98194e+06
2.81959e+06
2.58178e+06
2.97514e+06
2.66635e+06
2.85274e+06
2.93092e+06
2.87745e+06
2.82136e+06
2.90168e+06
3.2307e+06
2.823e+06
3.0362e+06
2.84477e+06
2.68096e+06
3.06883e+06
3.02915e+06
2.71519e+06
2.99311e+06
2.86664e+06
2.73243e+06
2.74376e+06
2.75258e+06
2.76849e+06
2.76997e+06
2.72073e+06
2.8526e+06
2.99011e+06
2.73738e+06
2.72887e+06
2.92075e+06
2.6827e+06
2.88796e+06
2.5997e+06
2.70148e+06
2.76989e+06
2.75677e+06
2.90572e+06
2.67734e+06
2.76749e+06
2.81324e+06
2.82106e+06
2.74944e+06
2.83801e+06
2.91192e+06
2.81841e+06
2.59684e+06
2.67793e+06
2.87528e+06
2.85621e+06
2.71754e+06
2.77758e+06
2.63338e+06
2.88396e+06
2.69328e+06
2.74886e+06
2.82046e+06
2.80846e+06
2.65736e+06
2.67073e+06
2.80166e+06
2.60995e+06
2.8261e+06
2.89802e+06
2.733e+06
2.75162e+06
2.86404e+06
2.85658e+06
2.79671e+06
2.78724e+06
3.05173e+06
2.96092e+06
2.91367e+06
2.9355e+06
2.70347e+06
2.73316e+06
2.76182e+06
2.65972e+06
2.90544e+06
2.90332e+06
2.73488e+06
2.76266e+06
2.87203e+06
2.91822e+06
2.66249e+06
2.63676e+06
2.8533e+06
2.7571e+06
2.68569e+06
2.82009e+06
2.71881e+06
2.98764e+06
2.91292e+06
2.83218e+06
2.82725e+06
2.76226e+06
2.91561e+06
2.68167e+06
2.79567e+06
2.86064e+06
2.78773e+06
2.96644e+06
2.87945e+06
2.83055e+06
2.91349e+06
2.7591e+06
2.70318e+06
2.95993e+06
2.70742e+06
2.94429e+06
2.75408e+06
2.86971e+06
2.96121e+06
2.76652e+06
2.68147e+06
2.82431e+06
2.84512e+06
2.73388e+06
2.79277e+06
2.74418e+06
2.88935e+06
2.75044e+06
2.69526e+06
2.80602e+06
2.50475e+06
2.83126e+06
2.82196e+06
2.68955e+06
2.72584e+06
2.80013e+06
2.67003e+06
2.79322e+06
2.87008e+06
3.08525e+06
2.79645e+06
2.77266e+06
2.87807e+06
2.72053e+06
2.68947e+06
2.98195e+06
2.7949e+06
2.69996e+06
2.81981e+06
2.69535e+06
2.74767e+06
2.94395e+06
2.71079e+06
2.78353e+06
2.80227e+06
2.78612e+06
2.6867e+06
2.69451e+06
2.91742e+06
2.77509e+06
2.83965e+06
2.72775e+06
2.6218e+06
2.61231e+06
2.72173e+06
2.90782e+06
2.82495e+06
2.82089e+06
3.04873e+06
3.29499e+06
3.40526e+06
2.90486e+06
3.06544e+06
2.92191e+06
3.16288e+06
2.87282e+06
2.92749e+06
2.7905e+06
2.87683e+06
3.00682e+06
2.95011e+06
3.10312e+06
3.20972e+06
3.10253e+06
2.76411e+06
2.90246e+06
2.89194e+06
3.07215e+06
2.9958e+06
3.06278e+06
2.84938e+06
2.90484e+06
2.80294e+06
3.01086e+06
2.83884e+06
2.94962e+06
2.49722e+06
2.76127e+06
2.92314e+06
2.68933e+06
2.71783e+06
2.74578e+06
2.85624e+06
2.76642e+06
2.73377e+06
2.84678e+06
2.6426e+06
2.80038e+06
2.81547e+06
2.95069e+06
2.64521e+06
2.68674e+06
2.64612e+06
2.57973e+06
2.76807e+06
2.74692e+06
2.80046e+06
2.85287e+06
2.94901e+06
2.68907e+06
2.61235e+06
2.72692e+06
2.75735e+06
2.63688e+06
2.67046e+06
2.97478e+06
2.85381e+06
2.80304e+06
2.85357e+06
2.83675e+06
2.82532e+06
2.70648e+06
2.74806e+06
2.65654e+06
2.92779e+06
2.78602e+06
2.69648e+06
2.94278e+06
2.69497e+06
2.8449e+06
2.68548e+06
2.71071e+06
2.6547e+06
2.86106e+06
2.59145e+06
2.87241e+06
2.79226e+06
2.75133e+06
2.6949e+06
2.72061e+06
2.58619e+06
2.69276e+06
2.85744e+06
2.94455e+06
2.7608e+06
2.88845e+06
3.16559e+06
3.03673e+06
2.81974e+06
2.92159e+06
2.93454e+06
2.7161e+06
3.12921e+06
2.6358e+06
2.59976e+06
2.89325e+06
2.81292e+06
2.85435e+06
3.30581e+06
3.00246e+06
2.74149e+06
2.81166e+06
2.73759e+06
2.82754e+06
2.63264e+06
2.7475e+06
2.9258e+06
2.90799e+06
2.83198e+06
3.01216e+06
2.88048e+06
2.8563e+06
2.93407e+06
2.93154e+06
3.21806e+06
3.64909e+06
3.13717e+06
2.97923e+06
2.98104e+06
3.14451e+06
3.06348e+06
2.86512e+06
2.85212e+06
3.02121e+06
3.53814e+06
2.97572e+06
2.77552e+06
2.72635e+06
2.80674e+06
2.6922e+06
2.85202e+06
2.83484e+06
2.86871e+06
2.73976e+06
2.79818e+06
2.84812e+06
2.82429e+06
2.70774e+06
2.66463e+06
2.89169e+06
2.73562e+06
2.75692e+06
2.75947e+06
2.80154e+06
2.66797e+06
2.67336e+06
2.79482e+06
2.7758e+06
2.93885e+06
2.81749e+06
2.75558e+06
2.92694e+06
2.88983e+06
2.69527e+06
2.72128e+06
2.69305e+06
2.78763e+06
2.67866e+06
2.74654e+06
2.71545e+06
2.69182e+06
2.92615e+06
2.86505e+06
2.79627e+06
2.85541e+06
2.81987e+06
2.89693e+06
2.93349e+06
2.91519e+06
3.12274e+06
2.96164e+06
2.91165e+06
2.92536e+06
2.75269e+06
2.69434e+06
2.88866e+06
2.86511e+06
2.63916e+06
2.72901e+06
2.8271e+06
2.80957e+06
2.95563e+06
2.79696e+06
2.85405e+06
2.68824e+06
2.85473e+06
2.82362e+06
2.8635e+06
2.77452e+06
2.51462e+06
2.88946e+06
2.69003e+06
2.6165e+06
2.6953e+06
2.76341e+06
2.62128e+06
2.9842e+06
2.82446e+06
2.70537e+06
2.71192e+06
2.73434e+06
2.63205e+06
2.73224e+06
2.9009e+06
2.89646e+06
2.63216e+06
2.89826e+06
2.68165e+06
2.79712e+06
2.91876e+06
3.41077e+06
2.8436e+06
2.93127e+06
2.99006e+06
3.12959e+06
3.36079e+06
2.92125e+06
3.08238e+06
2.85466e+06
2.85327e+06
3.03986e+06
2.66144e+06
3.02427e+06
2.89146e+06
3.1831e+06
3.15564e+06
2.91567e+06
3.2848e+06
2.81981e+06
2.84004e+06
2.91477e+06
2.73681e+06
2.73322e+06
2.91276e+06
3.02334e+06
2.79257e+06
2.6882e+06
2.84254e+06
2.82001e+06
2.93333e+06
2.7536e+06
2.68879e+06
2.59453e+06
2.86697e+06
2.81719e+06
2.86684e+06
2.9953e+06
3.22214e+06
3.11197e+06
3.10275e+06
2.78538e+06
2.9095e+06
2.57572e+06
3.2595e+06
3.23219e+06
2.99322e+06
2.84735e+06
3.21344e+06
2.9965e+06
2.947e+06
2.87393e+06
3.02024e+06
2.91535e+06
3.01183e+06
3.08904e+06
3.15407e+06
3.41126e+06
2.88771e+06
2.61632e+06
2.91574e+06
2.8606e+06
2.7657e+06
3.48162e+06
3.22334e+06
2.99152e+06
2.77933e+06
2.78972e+06
2.84621e+06
3.08355e+06
3.01948e+06
2.75049e+06
3.28455e+06
2.83334e+06
2.97672e+06
3.11204e+06
3.32184e+06
2.9416e+06
2.99867e+06
3.15034e+06
3.34797e+06
3.05195e+06
2.86476e+06
3.14745e+06
2.83872e+06
2.85346e+06
2.70785e+06
2.81946e+06
2.90557e+06
3.10659e+06
2.83352e+06
3.0864e+06
3.14663e+06
2.84606e+06
2.95708e+06
3.14686e+06
2.9854e+06
2.97104e+06
2.83837e+06
2.71448e+06
3.13251e+06
2.88939e+06
2.91571e+06
2.79651e+06
2.82518e+06
2.8894e+06
2.99198e+06
2.91858e+06
3.10985e+06
3.01514e+06
2.86898e+06
2.95462e+06
2.79603e+06
2.88384e+06
2.69166e+06
3.01846e+06
2.90975e+06
3.31602e+06
3.23517e+06
3.32015e+06
3.06073e+06
3.02016e+06
2.85651e+06
2.84611e+06
2.85806e+06
2.92274e+06
3.0459e+06
3.01573e+06
2.94884e+06
2.86442e+06
3.17219e+06
2.87117e+06
2.76635e+06
3.10263e+06
2.93171e+06
3.18828e+06
3.06396e+06
2.96618e+06
3.05977e+06
3.1089e+06
2.96661e+06
2.98255e+06
2.83738e+06
2.78407e+06
2.98469e+06
2.94272e+06
2.84042e+06
3.06239e+06
2.95683e+06
2.96559e+06
3.85725e+06
3.38141e+06
3.37448e+06
3.37043e+06
3.3297e+06
3.08381e+06
3.44755e+06
2.9581e+06
2.89644e+06
3.12962e+06
3.19964e+06
3.29901e+06
3.29106e+06
3.27537e+06
3.45569e+06
3.05659e+06
3.06617e+06
3.09497e+06
3.1991e+06
3.29333e+06
3.19643e+06
3.21224e+06
3.20222e+06
3.37953e+06
3.18952e+06
3.17247e+06
3.42438e+06
3.35745e+06
3.1017e+06
3.23869e+06
3.43139e+06
3.25813e+06
3.03841e+06
3.18001e+06
3.15577e+06
3.23743e+06
3.18291e+06
3.14893e+06
3.01009e+06
3.10773e+06
3.41237e+06
3.46563e+06
3.29091e+06
3.38318e+06
3.09563e+06
3.06123e+06
3.06518e+06
3.09453e+06
2.98716e+06
3.23958e+06
3.21693e+06
3.09952e+06
3.34695e+06
3.31133e+06
3.00316e+06
3.32688e+06
3.04688e+06
3.19824e+06
3.28187e+06
3.07191e+06
3.27566e+06
3.06963e+06
3.14451e+06
3.35678e+06
3.27717e+06
3.16214e+06
3.20501e+06
3.05855e+06
2.94696e+06
3.04522e+06
2.92856e+06
3.01803e+06
3.12387e+06
3.07691e+06
3.14092e+06
3.10452e+06
3.10641e+06
3.04436e+06
2.90437e+06
3.11255e+06
3.03624e+06
3.02815e+06
2.99534e+06
3.07882e+06
2.84082e+06
2.82055e+06
2.88942e+06
2.91352e+06
2.84489e+06
2.96895e+06
2.97582e+06
3.01919e+06
2.81861e+06
3.10059e+06
3.01924e+06
2.97176e+06
2.95095e+06
2.73719e+06
3.18097e+06
2.86493e+06
2.59571e+06
2.74846e+06
2.85776e+06
2.83628e+06
2.82002e+06
2.84907e+06
2.82085e+06
3.0147e+06
2.8071e+06
2.77823e+06
2.74307e+06
2.83638e+06
2.82474e+06
2.9115e+06
2.86558e+06
2.85954e+06
2.85543e+06
2.72643e+06
3.03671e+06
2.82549e+06
3.03521e+06
3.19654e+06
3.14523e+06
2.99327e+06
2.95532e+06
2.9392e+06
2.84568e+06
3.05941e+06
2.81204e+06
3.33849e+06
2.86434e+06
2.93667e+06
2.92594e+06
3.10576e+06
2.88069e+06
2.83429e+06
2.96533e+06
3.00188e+06
3.0593e+06
2.87129e+06
2.71841e+06
2.82016e+06
2.88375e+06
2.69103e+06
2.94316e+06
2.71849e+06
2.86734e+06
2.80749e+06
2.82273e+06
2.85798e+06
2.85125e+06
2.82461e+06
2.92118e+06
2.83414e+06
3.0573e+06
2.7674e+06
2.88511e+06
2.93818e+06
2.883e+06
2.99363e+06
3.09158e+06
3.18819e+06
3.00191e+06
2.95174e+06
2.92835e+06
3.278e+06
2.9759e+06
2.99187e+06
3.001e+06
2.9628e+06
2.95924e+06
3.07437e+06
2.9843e+06
2.8717e+06
3.11283e+06
3.19584e+06
2.87518e+06
3.18308e+06
2.95228e+06
3.00739e+06
2.95792e+06
2.79316e+06
2.84338e+06
2.83618e+06
2.71387e+06
2.87625e+06
2.71894e+06
2.89912e+06
2.92522e+06
3.11081e+06
2.98972e+06
3.09059e+06
2.80779e+06
2.8769e+06
2.74628e+06
3.12655e+06
2.87607e+06
2.97235e+06
3.0367e+06
2.9242e+06
3.00337e+06
2.94056e+06
2.80778e+06
2.95925e+06
3.05747e+06
3.0766e+06
2.95092e+06
3.07574e+06
2.9522e+06
2.97664e+06
2.80775e+06
2.92281e+06
2.66563e+06
2.89624e+06
2.77924e+06
2.92734e+06
2.8182e+06
2.72557e+06
2.80401e+06
2.85926e+06
2.8889e+06
2.90545e+06
2.86824e+06
2.80027e+06
3.08158e+06
2.92681e+06
2.68678e+06
2.97834e+06
2.9039e+06
2.79754e+06
2.88535e+06
2.8387e+06
2.81999e+06
2.68852e+06
2.91061e+06
2.9698e+06
2.91466e+06
2.99112e+06
2.93923e+06
2.95955e+06
3.06023e+06
3.02826e+06
2.72984e+06
3.12881e+06
2.84266e+06
2.94433e+06
2.87862e+06
2.98934e+06
3.13958e+06
3.06919e+06
2.9383e+06
3.04816e+06
2.84408e+06
2.95809e+06
2.8953e+06
2.9435e+06
2.79815e+06
2.83431e+06
2.9663e+06
2.79279e+06
3.03534e+06
2.90584e+06
2.7707e+06
3.05567e+06
2.95723e+06
2.98221e+06
3.02382e+06
2.8635e+06
3.02678e+06
2.9049e+06
2.94175e+06
3.04967e+06
2.98303e+06
2.9089e+06
3.01158e+06
2.81293e+06
2.65374e+06
2.76e+06
2.77924e+06
3.0159e+06
2.8112e+06
2.70276e+06
2.88942e+06
2.82791e+06
2.85546e+06
2.73884e+06
2.56661e+06
2.76028e+06
2.77858e+06
2.64704e+06
2.897e+06
2.7724e+06
2.76235e+06
2.8604e+06
2.75444e+06
2.77443e+06
2.74025e+06
2.70207e+06
2.74076e+06
2.79704e+06
2.89853e+06
3.03023e+06
2.97041e+06
2.80866e+06
2.81981e+06
2.97238e+06
2.77458e+06
2.68472e+06
2.7946e+06
2.86953e+06
2.78154e+06
2.7357e+06
2.7846e+06
2.67647e+06
2.69234e+06
2.89302e+06
2.62274e+06
2.86112e+06
2.85622e+06
2.63018e+06
2.82469e+06
2.85447e+06
2.88461e+06
2.61423e+06
2.74662e+06
2.7981e+06
3.03427e+06
3.50664e+06
2.95639e+06
2.62008e+06
2.71827e+06
2.59364e+06
2.70493e+06
2.76181e+06
2.49756e+06
2.83059e+06
2.83025e+06
2.65999e+06
2.72455e+06
2.74224e+06
2.90583e+06
2.78653e+06
2.74233e+06
2.71089e+06
2.81481e+06
2.75926e+06
2.77272e+06
2.57406e+06
2.76326e+06
2.69941e+06
2.70887e+06
2.87237e+06
2.79301e+06
2.69473e+06
2.7221e+06
2.80753e+06
2.81533e+06
2.80691e+06
2.85529e+06
2.84016e+06
2.68e+06
2.81054e+06
3.28987e+06
2.68831e+06
2.85939e+06
2.75047e+06
2.62831e+06
2.87783e+06
2.86487e+06
2.65397e+06
2.75525e+06
2.8768e+06
2.8444e+06
2.95523e+06
2.85025e+06
2.88806e+06
2.76058e+06
2.62027e+06
2.58926e+06
2.78047e+06
2.75987e+06
2.55812e+06
2.78661e+06
2.82167e+06
2.97036e+06
2.77653e+06
2.67784e+06
2.84984e+06
2.76258e+06
2.7033e+06
2.77138e+06
3.02943e+06
2.84769e+06
2.86198e+06
2.63727e+06
2.933e+06
2.83462e+06
2.78605e+06
2.85139e+06
2.76525e+06
2.67563e+06
2.78205e+06
2.72414e+06
2.73763e+06
2.65997e+06
2.74122e+06
2.8142e+06
2.77998e+06
2.94123e+06
2.81038e+06
2.77168e+06
2.7055e+06
2.76839e+06
2.91174e+06
2.71598e+06
2.75434e+06
2.66658e+06
2.86458e+06
2.76786e+06
2.71986e+06
2.90778e+06
2.79702e+06
2.86744e+06
2.80544e+06
2.60556e+06
2.81022e+06
2.72739e+06
2.60383e+06
2.97479e+06
2.80022e+06
2.87873e+06
2.68632e+06
2.8306e+06
2.90959e+06
2.75992e+06
2.85296e+06
2.79225e+06
2.93775e+06
2.84911e+06
2.79019e+06
2.81542e+06
2.72389e+06
2.79515e+06
2.89381e+06
2.82843e+06
2.97284e+06
2.75849e+06
2.74743e+06
2.81558e+06
2.88499e+06
2.6928e+06
2.77837e+06
2.81499e+06
2.87449e+06
2.81788e+06
2.86949e+06
2.79025e+06
3.01869e+06
2.68298e+06
2.69833e+06
2.75891e+06
2.86221e+06
2.89375e+06
2.78616e+06
2.71501e+06
2.82032e+06
2.59074e+06
2.72785e+06
2.70585e+06
3.18259e+06
2.88726e+06
2.87635e+06
3.18523e+06
2.82518e+06
2.9557e+06
3.20143e+06
3.1859e+06
2.90102e+06
2.87102e+06
2.92168e+06
3.1971e+06
3.04659e+06
2.79019e+06
2.83796e+06
3.17272e+06
2.98105e+06
2.89875e+06
3.11591e+06
3.03503e+06
3.25878e+06
3.01857e+06
2.67368e+06
3.02733e+06
2.89218e+06
3.05999e+06
2.76749e+06
2.85088e+06
2.69436e+06
2.75877e+06
2.79615e+06
2.86584e+06
2.79599e+06
2.90156e+06
2.93539e+06
2.93106e+06
3.12302e+06
2.91616e+06
2.95075e+06
3.11061e+06
2.9595e+06
2.87201e+06
2.87291e+06
2.78721e+06
2.85852e+06
2.94012e+06
2.74334e+06
2.83517e+06
2.755e+06
2.63931e+06
2.83525e+06
2.86388e+06
3.13505e+06
2.98843e+06
2.97178e+06
3.16554e+06
2.85461e+06
2.81999e+06
2.94582e+06
3.22357e+06
3.11717e+06
3.06831e+06
3.07573e+06
3.05837e+06
2.69326e+06
2.75584e+06
2.69346e+06
2.74871e+06
2.92403e+06
2.63954e+06
2.75719e+06
2.78303e+06
2.89662e+06
2.71657e+06
2.75125e+06
2.69722e+06
2.83532e+06
2.8021e+06
3.07949e+06
2.82577e+06
2.96177e+06
3.28495e+06
2.79451e+06
2.91123e+06
2.82644e+06
2.85331e+06
2.65331e+06
2.82009e+06
3.01354e+06
3.24556e+06
2.80973e+06
2.8836e+06
2.85459e+06
2.76155e+06
2.84725e+06
2.94293e+06
2.98221e+06
2.78746e+06
2.76341e+06
2.63559e+06
2.75927e+06
2.78907e+06
2.77607e+06
2.76756e+06
3.01046e+06
2.92257e+06
2.90417e+06
2.89937e+06
2.6962e+06
2.70997e+06
2.90251e+06
2.67255e+06
2.76417e+06
2.81839e+06
2.92185e+06
2.7043e+06
2.86272e+06
2.82399e+06
2.91167e+06
2.77319e+06
2.89227e+06
2.85686e+06
2.76361e+06
2.7401e+06
2.73373e+06
2.85268e+06
3.03757e+06
2.76327e+06
2.64815e+06
2.67036e+06
2.80038e+06
2.76528e+06
2.73278e+06
2.74415e+06
3.27775e+06
2.82378e+06
3.01916e+06
2.81203e+06
2.80728e+06
2.83229e+06
2.77897e+06
2.6941e+06
2.75205e+06
2.86276e+06
2.77974e+06
2.70401e+06
2.73105e+06
2.9976e+06
2.79598e+06
2.77434e+06
2.76288e+06
2.85014e+06
3.03781e+06
2.80989e+06
2.81684e+06
2.67448e+06
2.84139e+06
2.84943e+06
3.00895e+06
2.85443e+06
2.76488e+06
2.83127e+06
2.9523e+06
2.82514e+06
2.62441e+06
2.75832e+06
2.74345e+06
2.68916e+06
2.73058e+06
2.62089e+06
2.8566e+06
2.69237e+06
2.71507e+06
2.79049e+06
2.82827e+06
2.71605e+06
2.7891e+06
2.66669e+06
2.80937e+06
2.75205e+06
2.86913e+06
2.88999e+06
2.79423e+06
2.68313e+06
2.86961e+06
2.58881e+06
2.7675e+06
2.64598e+06
2.71314e+06
2.82422e+06
2.89801e+06
2.83891e+06
2.73146e+06
2.8548e+06
2.74404e+06
2.81976e+06
2.83644e+06
2.73553e+06
2.72067e+06
2.83464e+06
2.75643e+06
2.78041e+06
2.78405e+06
2.62131e+06
2.57352e+06
2.56074e+06
2.87419e+06
2.63792e+06
2.80127e+06
2.78181e+06
2.78559e+06
2.82257e+06
2.86692e+06
2.81083e+06
2.93836e+06
2.74254e+06
2.82676e+06
2.67665e+06
2.84733e+06
2.95581e+06
2.82292e+06
2.88845e+06
2.80179e+06
2.81296e+06
2.78044e+06
2.8159e+06
2.68769e+06
3.11127e+06
2.9932e+06
2.84255e+06
2.89829e+06
2.81139e+06
2.83984e+06
2.85132e+06
2.79638e+06
2.8607e+06
2.75014e+06
2.81388e+06
2.74075e+06
2.67935e+06
2.57061e+06
2.72798e+06
2.77864e+06
2.75423e+06
2.88674e+06
2.67213e+06
2.92949e+06
2.65026e+06
2.7923e+06
2.73985e+06
2.86212e+06
2.67445e+06
2.90918e+06
2.79778e+06
2.82405e+06
2.83028e+06
2.73392e+06
2.75425e+06
2.88007e+06
2.76703e+06
2.80666e+06
2.80292e+06
2.86293e+06
2.90302e+06
2.85325e+06
3.0294e+06
2.87166e+06
2.99958e+06
3.04659e+06
3.00666e+06
3.05833e+06
3.07119e+06
2.92455e+06
2.82734e+06
3.02e+06
2.82849e+06
2.71891e+06
2.71064e+06
2.71034e+06
2.87989e+06
2.87311e+06
2.89684e+06
2.9392e+06
2.79412e+06
3.02372e+06
2.9442e+06
3.07228e+06
3.15198e+06
2.96302e+06
2.97188e+06
2.9323e+06
3.12162e+06
2.86398e+06
2.92626e+06
2.97435e+06
2.91072e+06
3.11258e+06
2.84673e+06
2.77187e+06
2.9863e+06
3.13383e+06
3.08129e+06
3.274e+06
2.74227e+06
2.9014e+06
3.09147e+06
3.21068e+06
3.16912e+06
3.04486e+06
2.92011e+06
3.05358e+06
2.82216e+06
2.89243e+06
2.90484e+06
2.8852e+06
2.82319e+06
2.76475e+06
2.89935e+06
2.96852e+06
2.9017e+06
2.96339e+06
2.90298e+06
2.7747e+06
3.11201e+06
2.94273e+06
2.77831e+06
2.79025e+06
2.80843e+06
2.82487e+06
2.67193e+06
2.7104e+06
2.83407e+06
2.92701e+06
3.06408e+06
2.81245e+06
2.81397e+06
3.02497e+06
2.72422e+06
2.67331e+06
2.97834e+06
2.7884e+06
2.93124e+06
2.80627e+06
2.93933e+06
2.78538e+06
2.85285e+06
2.81643e+06
2.80041e+06
2.68395e+06
2.68086e+06
2.87995e+06
2.75106e+06
2.84937e+06
2.6674e+06
2.77231e+06
2.73201e+06
2.81813e+06
2.77212e+06
2.7754e+06
2.57538e+06
2.72242e+06
2.90765e+06
3.02907e+06
2.85587e+06
2.68255e+06
2.69753e+06
2.83107e+06
2.60879e+06
2.72246e+06
2.7307e+06
2.7612e+06
2.75438e+06
2.83788e+06
3.23292e+06
3.04836e+06
3.21666e+06
3.12671e+06
3.18397e+06
3.07399e+06
2.94355e+06
2.7031e+06
2.79623e+06
2.62115e+06
2.76443e+06
2.76499e+06
2.76304e+06
2.91059e+06
2.9463e+06
2.69239e+06
2.68354e+06
2.948e+06
2.92952e+06
2.96374e+06
2.67087e+06
2.77615e+06
2.6278e+06
2.92688e+06
2.78777e+06
2.74406e+06
2.84564e+06
2.78731e+06
2.56336e+06
2.76437e+06
2.82817e+06
2.80126e+06
2.84108e+06
2.75598e+06
2.67296e+06
2.84064e+06
2.80455e+06
2.77684e+06
2.67236e+06
2.81135e+06
2.71683e+06
2.62874e+06
2.68281e+06
2.87164e+06
2.74969e+06
2.6859e+06
2.86799e+06
2.78441e+06
2.87726e+06
2.55697e+06
2.77752e+06
2.82818e+06
2.77868e+06
2.76797e+06
2.55999e+06
2.61806e+06
2.76818e+06
2.79802e+06
2.84326e+06
2.93276e+06
2.84513e+06
2.7103e+06
2.82467e+06
2.81526e+06
2.75617e+06
3.18719e+06
2.93272e+06
3.00766e+06
2.96383e+06
2.75883e+06
2.79047e+06
2.84561e+06
2.75284e+06
2.96343e+06
2.71402e+06
2.76369e+06
2.94711e+06
2.94001e+06
2.90913e+06
2.85879e+06
2.78595e+06
2.87547e+06
2.81151e+06
2.68109e+06
2.93912e+06
2.91629e+06
3.38832e+06
2.79644e+06
2.71221e+06
2.83166e+06
2.71002e+06
2.92141e+06
3.41414e+06
2.75278e+06
2.89902e+06
2.87915e+06
3.36269e+06
3.00333e+06
2.99083e+06
2.97097e+06
2.8592e+06
2.96931e+06
3.05324e+06
3.2405e+06
3.03822e+06
3.35208e+06
3.06288e+06
2.8516e+06
2.88655e+06
2.75869e+06
3.09853e+06
2.98502e+06
2.98396e+06
2.99753e+06
2.99084e+06
2.82411e+06
3.04397e+06
2.90742e+06
2.8084e+06
3.05073e+06
2.89272e+06
2.89794e+06
2.86746e+06
3.02125e+06
2.92424e+06
2.81803e+06
2.84706e+06
2.85508e+06
2.96307e+06
2.84736e+06
2.92503e+06
2.84589e+06
3.00757e+06
2.90184e+06
2.83137e+06
2.99195e+06
2.77618e+06
3.02863e+06
2.97945e+06
2.82696e+06
2.73918e+06
2.96828e+06
2.91305e+06
2.80765e+06
2.82633e+06
2.85914e+06
2.94372e+06
2.89764e+06
3.00408e+06
2.98161e+06
2.92261e+06
3.01173e+06
2.8047e+06
2.69931e+06
2.91859e+06
2.91772e+06
2.83381e+06
2.76701e+06
2.80148e+06
2.9664e+06
2.86346e+06
2.86771e+06
2.73549e+06
2.90321e+06
3.00114e+06
2.88365e+06
3.00489e+06
2.88441e+06
2.88993e+06
2.82693e+06
3.09423e+06
2.80569e+06
3.0574e+06
3.02626e+06
3.05205e+06
3.06901e+06
2.98314e+06
2.78429e+06
2.90799e+06
2.89895e+06
3.28418e+06
2.92765e+06
3.0015e+06
2.80203e+06
3.16926e+06
3.0585e+06
3.19239e+06
3.32973e+06
3.16758e+06
3.17545e+06
2.91091e+06
3.30994e+06
3.34322e+06
3.12328e+06
2.93885e+06
3.37482e+06
3.05048e+06
3.28879e+06
3.05912e+06
2.86996e+06
2.87267e+06
3.02651e+06
3.08475e+06
3.06195e+06
3.04986e+06
3.26643e+06
2.78784e+06
2.77121e+06
3.01874e+06
3.09564e+06
3.10746e+06
3.23714e+06
2.91664e+06
3.42646e+06
3.06704e+06
3.22982e+06
3.13177e+06
2.93819e+06
3.08861e+06
3.02945e+06
2.91901e+06
2.86322e+06
3.04487e+06
2.96962e+06
2.86751e+06
2.95643e+06
2.92605e+06
2.81021e+06
2.85957e+06
3.25301e+06
2.83278e+06
2.80341e+06
2.76419e+06
2.96012e+06
2.94466e+06
2.94297e+06
3.02444e+06
3.01405e+06
3.02677e+06
2.86319e+06
2.77704e+06
3.17411e+06
2.77752e+06
2.71973e+06
3.38069e+06
3.18849e+06
3.1639e+06
3.2258e+06
2.99715e+06
2.93754e+06
2.8908e+06
2.83686e+06
2.95258e+06
3.05063e+06
3.03267e+06
3.05444e+06
3.18923e+06
2.83644e+06
3.07102e+06
2.92643e+06
3.29254e+06
3.0025e+06
2.93268e+06
3.04957e+06
3.111e+06
3.07657e+06
2.89255e+06
3.07279e+06
3.04926e+06
3.21034e+06
2.81125e+06
2.81262e+06
2.86006e+06
3.12229e+06
2.88838e+06
2.9412e+06
3.24352e+06
2.88188e+06
3.03664e+06
2.93648e+06
3.08215e+06
3.01929e+06
3.09287e+06
2.80389e+06
2.76971e+06
3.03376e+06
2.9704e+06
2.96358e+06
2.81589e+06
2.8679e+06
2.76353e+06
2.74961e+06
3.12523e+06
3.0956e+06
2.8278e+06
3.12632e+06
2.87976e+06
2.98573e+06
2.7623e+06
2.87231e+06
2.9332e+06
2.69814e+06
2.85337e+06
3.25696e+06
3.00039e+06
2.89124e+06
2.68552e+06
2.61287e+06
2.95332e+06
2.70381e+06
2.69515e+06
2.87923e+06
2.82303e+06
2.78275e+06
2.7176e+06
3.05301e+06
3.18165e+06
2.94006e+06
2.76717e+06
2.96756e+06
2.80697e+06
2.78624e+06
2.96405e+06
2.86591e+06
2.94226e+06
3.11533e+06
3.00037e+06
3.14694e+06
3.13851e+06
3.03001e+06
3.13709e+06
2.95683e+06
3.02737e+06
2.81176e+06
3.20046e+06
3.00087e+06
3.17838e+06
3.18584e+06
2.90329e+06
2.84215e+06
2.67024e+06
2.99754e+06
3.03951e+06
3.12406e+06
2.75255e+06
2.88371e+06
2.64916e+06
3.11081e+06
3.03796e+06
2.99265e+06
3.1985e+06
3.11115e+06
2.92052e+06
2.98552e+06
2.99886e+06
3.0906e+06
3.00476e+06
3.16426e+06
2.9125e+06
3.07857e+06
3.09963e+06
2.97055e+06
2.93699e+06
3.17608e+06
3.1675e+06
2.86385e+06
3.05813e+06
3.10825e+06
3.00723e+06
3.08935e+06
3.32887e+06
2.97723e+06
3.1797e+06
3.26518e+06
3.28685e+06
2.83197e+06
3.00521e+06
3.06819e+06
3.06231e+06
3.12358e+06
3.20379e+06
2.90234e+06
3.03726e+06
2.96091e+06
2.75822e+06
2.91333e+06
2.86409e+06
2.89843e+06
2.85367e+06
3.05256e+06
2.95725e+06
2.91522e+06
2.92028e+06
2.93851e+06
3.12723e+06
3.075e+06
3.16317e+06
3.05007e+06
3.05726e+06
2.89276e+06
3.06804e+06
3.10703e+06
2.77393e+06
3.11159e+06
3.33965e+06
2.92625e+06
2.77157e+06
3.06093e+06
2.87306e+06
3.05621e+06
2.76167e+06
3.10132e+06
3.01547e+06
3.13129e+06
2.91342e+06
2.75562e+06
2.90546e+06
3.15408e+06
3.03744e+06
3.22563e+06
3.01883e+06
2.99793e+06
2.85735e+06
2.78102e+06
2.82859e+06
2.70534e+06
2.72098e+06
2.67944e+06
3.2277e+06
2.91489e+06
2.59993e+06
2.76159e+06
3.06773e+06
2.92957e+06
2.94842e+06
3.19328e+06
3.03993e+06
2.79991e+06
3.08025e+06
2.91585e+06
3.11707e+06
3.15202e+06
3.59486e+06
3.19836e+06
3.22165e+06
3.45485e+06
3.12645e+06
2.97951e+06
3.14226e+06
3.02572e+06
3.32388e+06
2.87812e+06
3.00064e+06
3.23038e+06
3.23404e+06
3.01504e+06
2.72279e+06
3.25599e+06
3.1177e+06
3.27823e+06
3.01547e+06
2.9509e+06
2.926e+06
2.97844e+06
3.28805e+06
3.15046e+06
2.9668e+06
3.42936e+06
3.46347e+06
3.43633e+06
2.90025e+06
3.00334e+06
3.01729e+06
3.17503e+06
3.03916e+06
2.82482e+06
3.06589e+06
2.9969e+06
3.02127e+06
2.83608e+06
2.81888e+06
2.87066e+06
3.08548e+06
3.02694e+06
3.10411e+06
2.82359e+06
3.03185e+06
3.29753e+06
3.34139e+06
2.9044e+06
2.95315e+06
2.9237e+06
2.69295e+06
3.07396e+06
2.84527e+06
3.29668e+06
3.1462e+06
3.24809e+06
3.28749e+06
3.36374e+06
3.38783e+06
3.77217e+06
3.5387e+06
3.01723e+06
3.22926e+06
3.02813e+06
3.45991e+06
3.43006e+06
3.22828e+06
3.31394e+06
2.9014e+06
2.68815e+06
2.82921e+06
2.88242e+06
3.63024e+06
3.16527e+06
3.69296e+06
3.01731e+06
3.43455e+06
3.67675e+06
3.21572e+06
2.75445e+06
3.08292e+06
2.99984e+06
3.05717e+06
3.00872e+06
3.22231e+06
3.16418e+06
3.11822e+06
3.00455e+06
3.08777e+06
3.25779e+06
2.99581e+06
3.16671e+06
3.19608e+06
2.99387e+06
3.14094e+06
3.13005e+06
2.9725e+06
3.2797e+06
3.10875e+06
3.25379e+06
2.98318e+06
3.16352e+06
3.01351e+06
2.96776e+06
3.10144e+06
3.11721e+06
3.29802e+06
3.02091e+06
3.3566e+06
3.33604e+06
2.99064e+06
3.22929e+06
2.96862e+06
3.15016e+06
3.01811e+06
2.9802e+06
3.08869e+06
3.14991e+06
3.44426e+06
3.13616e+06
3.52311e+06
3.60338e+06
3.25283e+06
2.9083e+06
3.23538e+06
3.1427e+06
3.00262e+06
3.09774e+06
3.1232e+06
3.0619e+06
3.06534e+06
3.11232e+06
3.07279e+06
3.12831e+06
3.179e+06
3.23744e+06
3.11829e+06
3.09274e+06
3.07204e+06
3.76065e+06
3.56303e+06
3.71198e+06
3.72215e+06
3.14314e+06
3.52349e+06
3.59833e+06
3.77878e+06
3.8586e+06
3.15236e+06
3.11524e+06
3.61974e+06
3.42981e+06
3.52093e+06
3.42412e+06
3.21763e+06
3.17464e+06
2.90963e+06
3.03574e+06
2.76476e+06
2.85225e+06
2.97265e+06
2.98769e+06
3.01052e+06
3.08176e+06
3.47571e+06
3.19025e+06
3.11382e+06
3.15535e+06
3.20574e+06
3.39549e+06
3.16877e+06
3.07937e+06
2.88448e+06
3.02316e+06
3.03517e+06
2.96434e+06
3.25623e+06
3.07019e+06
3.33729e+06
3.33142e+06
3.11627e+06
3.06797e+06
3.09512e+06
3.23571e+06
3.06757e+06
3.22337e+06
3.11145e+06
3.20302e+06
3.03312e+06
3.34134e+06
2.8372e+06
3.00083e+06
2.79434e+06
2.88533e+06
3.12307e+06
3.10689e+06
3.34355e+06
3.01284e+06
2.92477e+06
3.04207e+06
3.13364e+06
3.01505e+06
2.89512e+06
2.84041e+06
3.14201e+06
2.90558e+06
3.0868e+06
2.97435e+06
2.96696e+06
3.08133e+06
2.97285e+06
2.98798e+06
2.96171e+06
2.90194e+06
3.05433e+06
2.95882e+06
3.18158e+06
3.8603e+06
2.85422e+06
2.91942e+06
3.05295e+06
2.9749e+06
3.0651e+06
3.12201e+06
2.88748e+06
2.83062e+06
3.04752e+06
2.96297e+06
3.06944e+06
2.84865e+06
2.89e+06
3.02193e+06
3.01567e+06
2.91826e+06
3.04612e+06
2.95697e+06
2.89652e+06
2.84439e+06
2.88431e+06
2.99947e+06
2.87049e+06
3.10154e+06
3.02765e+06
2.99304e+06
3.06299e+06
2.94174e+06
2.81741e+06
2.92562e+06
2.83914e+06
2.83662e+06
2.87327e+06
2.9089e+06
2.91356e+06
2.8489e+06
2.86928e+06
3.23255e+06
2.89337e+06
2.86693e+06
2.9274e+06
3.07407e+06
2.98443e+06
2.84881e+06
3.04052e+06
2.7573e+06
2.76811e+06
2.91353e+06
2.90604e+06
2.91794e+06
3.04213e+06
2.81239e+06
3.01982e+06
3.04916e+06
2.92476e+06
3.06245e+06
2.98658e+06
2.97223e+06
3.26408e+06
3.08846e+06
3.06267e+06
2.97322e+06
3.01606e+06
2.98273e+06
2.782e+06
2.87703e+06
3.09374e+06
2.94052e+06
2.88573e+06
3.01282e+06
3.0525e+06
2.90996e+06
2.98348e+06
2.9828e+06
2.92448e+06
2.8987e+06
2.91789e+06
3.03747e+06
3.02816e+06
2.97395e+06
2.90256e+06
2.98869e+06
2.83093e+06
2.94081e+06
2.98066e+06
2.77599e+06
2.98694e+06
3.04297e+06
2.97759e+06
2.93619e+06
2.94585e+06
2.93693e+06
3.0791e+06
2.87295e+06
3.18234e+06
3.08543e+06
2.94717e+06
3.0669e+06
2.95328e+06
2.97845e+06
2.71828e+06
2.91779e+06
2.71818e+06
2.8725e+06
2.89918e+06
2.80458e+06
3.00627e+06
2.88597e+06
2.99254e+06
2.99679e+06
3.09838e+06
2.94385e+06
2.83687e+06
2.87933e+06
2.97957e+06
2.96553e+06
2.91236e+06
2.90427e+06
2.87075e+06
2.83968e+06
2.82528e+06
2.82801e+06
2.95609e+06
3.07207e+06
2.91449e+06
2.98582e+06
2.96876e+06
2.93256e+06
2.94707e+06
3.05566e+06
3.0627e+06
2.97241e+06
2.90249e+06
2.77789e+06
3.19475e+06
2.92425e+06
2.90557e+06
2.86537e+06
3.03814e+06
2.87973e+06
2.88186e+06
2.95646e+06
2.89899e+06
2.93268e+06
2.91739e+06
3.04108e+06
3.12304e+06
3.12116e+06
3.15091e+06
3.12771e+06
2.93401e+06
2.93899e+06
3.03624e+06
3.10229e+06
3.13837e+06
3.09118e+06
3.16561e+06
3.1676e+06
3.0303e+06
2.94679e+06
3.04506e+06
3.12307e+06
3.01621e+06
3.06757e+06
3.20095e+06
3.15945e+06
3.17674e+06
3.24757e+06
3.05952e+06
2.89784e+06
3.02497e+06
2.94576e+06
3.26568e+06
3.04025e+06
3.29013e+06
3.2581e+06
3.11383e+06
3.16238e+06
3.55077e+06
3.64625e+06
3.45373e+06
3.37716e+06
3.32359e+06
3.08634e+06
2.85001e+06
2.86667e+06
3.28854e+06
3.06401e+06
3.11814e+06
2.79687e+06
3.13451e+06
3.20323e+06
3.11919e+06
3.46015e+06
3.08581e+06
3.09845e+06
2.76466e+06
3.02725e+06
2.79033e+06
3.11829e+06
3.14831e+06
3.08271e+06
4.00492e+06
3.17263e+06
3.06903e+06
3.09181e+06
2.93941e+06
3.1584e+06
3.16715e+06
3.12242e+06
3.01237e+06
3.17671e+06
2.99841e+06
3.02524e+06
3.17785e+06
2.86294e+06
2.87214e+06
3.05353e+06
2.95729e+06
2.79211e+06
2.94697e+06
2.86606e+06
2.68835e+06
2.879e+06
2.79568e+06
2.994e+06
2.99803e+06
3.0301e+06
2.87427e+06
3.16622e+06
3.17406e+06
2.97799e+06
3.11441e+06
3.15132e+06
3.74203e+06
3.12464e+06
2.9567e+06
3.72463e+06
2.6902e+06
3.19065e+06
3.08178e+06
2.93868e+06
3.06785e+06
3.04018e+06
3.20563e+06
3.19704e+06
3.26201e+06
3.26957e+06
3.02133e+06
3.12896e+06
2.97203e+06
2.54289e+06
2.72688e+06
3.07641e+06
3.04542e+06
2.94152e+06
3.09213e+06
2.83157e+06
2.72911e+06
3.17958e+06
3.14522e+06
2.83359e+06
2.96223e+06
2.81915e+06
2.88907e+06
3.1398e+06
2.83314e+06
2.73433e+06
2.88566e+06
3.1699e+06
2.98659e+06
3.09447e+06
3.01177e+06
2.94453e+06
3.30747e+06
3.11669e+06
3.08046e+06
3.27787e+06
3.12666e+06
2.9291e+06
2.87708e+06
2.7658e+06
2.76762e+06
2.95919e+06
2.75862e+06
2.92539e+06
3.15426e+06
2.87332e+06
2.99859e+06
2.74074e+06
2.65004e+06
2.95614e+06
2.94846e+06
2.91162e+06
3.17163e+06
2.84223e+06
2.92433e+06
2.83888e+06
3.16444e+06
3.03315e+06
2.90627e+06
3.29676e+06
2.96588e+06
2.76166e+06
3.11054e+06
2.81058e+06
2.74511e+06
2.62568e+06
2.8185e+06
2.87401e+06
2.86897e+06
2.72848e+06
2.55696e+06
2.71169e+06
2.99516e+06
2.73615e+06
2.79461e+06
2.78604e+06
2.77273e+06
2.83023e+06
2.76011e+06
3.25538e+06
3.25149e+06
2.7631e+06
2.58717e+06
2.83502e+06
2.59978e+06
2.65321e+06
2.90376e+06
2.68953e+06
2.91779e+06
3.07962e+06
3.1513e+06
2.75664e+06
2.84353e+06
2.90437e+06
2.9514e+06
2.79943e+06
2.85471e+06
2.86253e+06
2.85841e+06
2.99395e+06
2.72473e+06
2.89566e+06
2.75065e+06
2.77962e+06
2.83091e+06
2.75056e+06
2.80527e+06
2.7962e+06
2.765e+06
2.76069e+06
2.86242e+06
2.88902e+06
2.77224e+06
2.83593e+06
2.87287e+06
2.7598e+06
2.90117e+06
2.73948e+06
2.88248e+06
2.83082e+06
2.81363e+06
2.79161e+06
2.8492e+06
2.51085e+06
3.00742e+06
3.23831e+06
2.93539e+06
2.98602e+06
2.85738e+06
2.71066e+06
2.80582e+06
2.91217e+06
2.81315e+06
2.73086e+06
2.85073e+06
2.93268e+06
2.73097e+06
3.08227e+06
3.12104e+06
2.85953e+06
2.77709e+06
2.78204e+06
2.64946e+06
2.71761e+06
2.84107e+06
3.1643e+06
2.9216e+06
2.70336e+06
2.84621e+06
2.97825e+06
2.80607e+06
2.75474e+06
2.73363e+06
2.67359e+06
2.69147e+06
2.82089e+06
2.88233e+06
2.86714e+06
2.63647e+06
2.73084e+06
2.77243e+06
2.75446e+06
2.94705e+06
3.11976e+06
2.99721e+06
2.76358e+06
2.84074e+06
2.65027e+06
2.74508e+06
2.78507e+06
2.63042e+06
2.98503e+06
3.23155e+06
2.9121e+06
2.75373e+06
2.82013e+06
2.86157e+06
2.66518e+06
2.82912e+06
2.69757e+06
2.93936e+06
2.70775e+06
2.76473e+06
2.67864e+06
2.73381e+06
2.80913e+06
2.80256e+06
2.74048e+06
2.78998e+06
2.70146e+06
3.05396e+06
2.85816e+06
3.07252e+06
3.18904e+06
3.09752e+06
2.87803e+06
3.12605e+06
2.86909e+06
2.79139e+06
2.84687e+06
2.79083e+06
2.93833e+06
3.01848e+06
2.94083e+06
2.89111e+06
2.99595e+06
2.90655e+06
2.85834e+06
2.85799e+06
2.72725e+06
2.80214e+06
2.93178e+06
3.17625e+06
2.86984e+06
2.74066e+06
2.62903e+06
2.7929e+06
2.80573e+06
2.64334e+06
2.8846e+06
2.88948e+06
2.90246e+06
2.81968e+06
2.99635e+06
2.81709e+06
2.97629e+06
2.75464e+06
2.87612e+06
2.98569e+06
2.89767e+06
2.93506e+06
2.83148e+06
3.00417e+06
3.11047e+06
3.09522e+06
2.89036e+06
3.16365e+06
2.8293e+06
2.91121e+06
3.10688e+06
3.05014e+06
2.94255e+06
2.89817e+06
2.96017e+06
3.22795e+06
3.01972e+06
2.87279e+06
2.96131e+06
3.14285e+06
3.13543e+06
3.11498e+06
2.81595e+06
2.77059e+06
3.13932e+06
2.89678e+06
2.78085e+06
3.13778e+06
3.05945e+06
3.05735e+06
3.07393e+06
3.04568e+06
2.95086e+06
3.12775e+06
3.10475e+06
2.76082e+06
2.91319e+06
2.53852e+06
2.94317e+06
3.11287e+06
3.02807e+06
2.75092e+06
2.92322e+06
2.74604e+06
2.65092e+06
2.78458e+06
2.67885e+06
3.13865e+06
3.01871e+06
3.17103e+06
3.04998e+06
3.12812e+06
3.13313e+06
2.8064e+06
2.84285e+06
2.82019e+06
2.99515e+06
2.70596e+06
3.08968e+06
2.84637e+06
2.80034e+06
2.70085e+06
3.08632e+06
2.8264e+06
2.93743e+06
2.91242e+06
3.16466e+06
3.02591e+06
2.85789e+06
2.67503e+06
2.72139e+06
2.90763e+06
2.84381e+06
2.72045e+06
2.76025e+06
2.9847e+06
2.53179e+06
2.82309e+06
2.85914e+06
2.76608e+06
2.56299e+06
2.88953e+06
2.73846e+06
2.72695e+06
2.69479e+06
2.7531e+06
2.86081e+06
2.6063e+06
2.73309e+06
2.69228e+06
2.84479e+06
2.79264e+06
2.8747e+06
2.81364e+06
2.92534e+06
2.80805e+06
2.859e+06
2.79278e+06
2.87229e+06
2.85425e+06
2.85438e+06
2.59437e+06
2.84875e+06
2.70894e+06
2.67301e+06
2.61757e+06
2.66299e+06
2.84888e+06
2.77699e+06
2.84729e+06
2.78769e+06
2.79568e+06
2.85699e+06
2.66319e+06
2.85835e+06
2.92115e+06
3.02634e+06
2.82311e+06
2.92879e+06
3.17589e+06
3.42486e+06
3.42631e+06
3.31178e+06
3.32769e+06
3.20734e+06
3.05792e+06
2.66234e+06
2.68476e+06
2.99622e+06
3.56884e+06
3.55367e+06
3.50761e+06
2.6854e+06
2.93791e+06
3.0671e+06
2.90461e+06
2.734e+06
2.90565e+06
2.92781e+06
2.61029e+06
2.86051e+06
3.15403e+06
3.19722e+06
2.77234e+06
3.03233e+06
3.03222e+06
3.21789e+06
3.02129e+06
2.9539e+06
2.93514e+06
2.70848e+06
3.06907e+06
2.93757e+06
2.88388e+06
2.7169e+06
2.64334e+06
2.831e+06
3.02211e+06
2.94623e+06
3.02906e+06
2.79086e+06
2.91456e+06
2.81256e+06
2.78358e+06
2.67807e+06
2.72685e+06
2.85931e+06
2.7777e+06
2.8021e+06
2.72803e+06
2.6399e+06
2.81295e+06
2.66734e+06
2.68249e+06
2.81405e+06
2.90792e+06
2.71105e+06
2.6354e+06
2.88007e+06
2.90397e+06
2.84558e+06
2.89333e+06
2.72655e+06
2.72144e+06
2.68037e+06
2.86002e+06
2.53761e+06
2.81689e+06
2.91371e+06
2.91735e+06
3.15639e+06
2.80476e+06
3.09123e+06
2.94814e+06
3.13927e+06
3.00166e+06
2.83589e+06
2.84451e+06
2.90931e+06
2.66207e+06
2.74334e+06
2.89258e+06
3.15772e+06
3.24657e+06
3.01775e+06
2.92173e+06
2.49665e+06
2.78197e+06
2.74189e+06
2.93294e+06
2.69088e+06
2.83185e+06
2.94472e+06
2.82526e+06
2.88439e+06
2.78401e+06
2.86717e+06
2.9508e+06
2.96768e+06
3.05333e+06
2.84125e+06
3.00073e+06
3.0975e+06
3.19001e+06
3.15489e+06
3.00787e+06
2.99674e+06
3.08079e+06
2.99196e+06
3.08243e+06
3.01036e+06
2.64752e+06
2.79134e+06
2.93645e+06
2.7302e+06
2.91438e+06
3.03899e+06
2.87419e+06
2.7493e+06
2.7995e+06
2.86845e+06
3.00932e+06
2.74918e+06
2.91069e+06
3.09472e+06
2.92442e+06
2.86802e+06
2.78829e+06
2.98353e+06
2.97647e+06
3.0556e+06
2.86125e+06
2.89495e+06
2.68071e+06
2.84331e+06
2.81791e+06
2.82472e+06
2.90977e+06
2.94204e+06
2.74246e+06
2.87013e+06
2.82514e+06
2.88259e+06
3.15508e+06
2.92787e+06
2.91419e+06
2.61356e+06
2.937e+06
2.87194e+06
3.05579e+06
2.91153e+06
2.95847e+06
2.99363e+06
3.13374e+06
2.84092e+06
2.80233e+06
3.03529e+06
3.03684e+06
3.0912e+06
2.75359e+06
2.6669e+06
2.78121e+06
2.72371e+06
2.76013e+06
2.73565e+06
2.66932e+06
2.75038e+06
2.66043e+06
2.84663e+06
2.88154e+06
2.70728e+06
2.89159e+06
2.89598e+06
2.85434e+06
3.28153e+06
3.13289e+06
3.17629e+06
2.90516e+06
3.02245e+06
2.84417e+06
2.74068e+06
2.69465e+06
2.80954e+06
2.85405e+06
2.94801e+06
2.90033e+06
2.7513e+06
2.85299e+06
2.98467e+06
3.09248e+06
2.92568e+06
2.96557e+06
2.79065e+06
2.85462e+06
3.07247e+06
2.85425e+06
2.73173e+06
2.88706e+06
2.98931e+06
2.9302e+06
2.9661e+06
3.0813e+06
2.98104e+06
3.1213e+06
2.95936e+06
3.09999e+06
2.91783e+06
2.84621e+06
2.79324e+06
2.67641e+06
3.00991e+06
3.41961e+06
3.33581e+06
2.95503e+06
2.80689e+06
2.84776e+06
3.01993e+06
2.99578e+06
2.95524e+06
3.11558e+06
2.73797e+06
2.9796e+06
2.85445e+06
2.77157e+06
3.28659e+06
3.13549e+06
3.12866e+06
3.00652e+06
3.38389e+06
2.78691e+06
2.83676e+06
2.84544e+06
2.88086e+06
2.76964e+06
2.7348e+06
2.69811e+06
2.73091e+06
2.76965e+06
2.67039e+06
3.0143e+06
2.9508e+06
2.77845e+06
3.24358e+06
2.90064e+06
2.81727e+06
3.07016e+06
2.74112e+06
3.82229e+06
3.46159e+06
2.83366e+06
3.05616e+06
3.12224e+06
2.7355e+06
3.09279e+06
3.24361e+06
2.953e+06
2.96287e+06
3.03961e+06
3.02397e+06
2.9112e+06
2.84432e+06
2.92517e+06
2.7524e+06
3.08767e+06
3.15157e+06
2.7554e+06
3.27149e+06
2.74028e+06
2.9963e+06
2.90992e+06
2.70398e+06
2.67896e+06
2.73145e+06
2.68873e+06
2.83757e+06
2.94804e+06
2.84084e+06
2.89159e+06
3.17687e+06
2.75307e+06
2.76398e+06
2.76738e+06
2.80353e+06
2.59782e+06
2.66089e+06
2.66e+06
2.93153e+06
2.94491e+06
2.87467e+06
2.88018e+06
2.83356e+06
3.1216e+06
2.74625e+06
2.84983e+06
2.76537e+06
2.74673e+06
2.9966e+06
2.92795e+06
2.74436e+06
2.75443e+06
2.86551e+06
2.87256e+06
3.05635e+06
2.78729e+06
3.15573e+06
2.99323e+06
2.7591e+06
2.77583e+06
2.86114e+06
2.90731e+06
3.03102e+06
2.80458e+06
2.7437e+06
2.84862e+06
2.95983e+06
2.95234e+06
2.92492e+06
2.89123e+06
2.82049e+06
2.86906e+06
2.96773e+06
2.90514e+06
2.71909e+06
2.77828e+06
3.08743e+06
2.83292e+06
2.78891e+06
2.80131e+06
2.58651e+06
2.86281e+06
2.8022e+06
2.88028e+06
2.77174e+06
2.82101e+06
2.70287e+06
2.65446e+06
2.90785e+06
2.85031e+06
2.97661e+06
3.04543e+06
2.85483e+06
2.79602e+06
3.00251e+06
3.01193e+06
3.13257e+06
2.61234e+06
2.73757e+06
2.64332e+06
2.77201e+06
2.87727e+06
2.56177e+06
2.77216e+06
2.68968e+06
2.88729e+06
2.86344e+06
2.62933e+06
2.70081e+06
2.86584e+06
2.82234e+06
3.04839e+06
2.82924e+06
3.01266e+06
3.03775e+06
2.86387e+06
2.85198e+06
2.8147e+06
2.81504e+06
2.85664e+06
2.66028e+06
2.71832e+06
2.80777e+06
2.82664e+06
2.69125e+06
2.68167e+06
2.85307e+06
2.63791e+06
2.5615e+06
2.70201e+06
2.77187e+06
3.00144e+06
2.75085e+06
2.82787e+06
2.86589e+06
2.73312e+06
2.79292e+06
2.66531e+06
2.88528e+06
2.81602e+06
2.95738e+06
2.85996e+06
3.01916e+06
2.66034e+06
2.79917e+06
2.726e+06
2.72984e+06
2.89088e+06
2.70157e+06
2.76136e+06
2.77047e+06
2.71374e+06
2.69778e+06
2.9694e+06
2.77784e+06
2.82582e+06
2.78174e+06
2.70707e+06
2.73965e+06
2.88383e+06
2.95658e+06
2.72052e+06
2.80996e+06
2.57881e+06
2.79385e+06
2.80462e+06
2.97153e+06
2.79391e+06
2.94858e+06
2.94432e+06
2.885e+06
3.02385e+06
3.10831e+06
3.00583e+06
2.95547e+06
2.75186e+06
2.72342e+06
2.63431e+06
2.74797e+06
2.89106e+06
2.79222e+06
2.81155e+06
2.81862e+06
2.88987e+06
2.90209e+06
2.81592e+06
2.87567e+06
2.68525e+06
2.95722e+06
2.91846e+06
2.71728e+06
3.14736e+06
3.32011e+06
3.02025e+06
2.92045e+06
2.85714e+06
2.98234e+06
2.8752e+06
2.70303e+06
2.78623e+06
3.05366e+06
2.91789e+06
2.8968e+06
2.84933e+06
2.91327e+06
2.91154e+06
3.01054e+06
2.86377e+06
2.94188e+06
2.73761e+06
2.90173e+06
2.94769e+06
3.14318e+06
2.82684e+06
2.56145e+06
2.91103e+06
2.76771e+06
2.9319e+06
2.9971e+06
3.01808e+06
2.80025e+06
2.98632e+06
3.04016e+06
2.84103e+06
3.02989e+06
2.88898e+06
2.92774e+06
2.89934e+06
2.92085e+06
2.62074e+06
2.91511e+06
2.88281e+06
2.87356e+06
3.32772e+06
3.10733e+06
2.86435e+06
2.73686e+06
2.71183e+06
2.78652e+06
2.91777e+06
3.18067e+06
3.07605e+06
2.92976e+06
2.69748e+06
2.77326e+06
2.69755e+06
2.76539e+06
3.41362e+06
3.37252e+06
2.96659e+06
2.98743e+06
3.01822e+06
3.02374e+06
3.04145e+06
3.00692e+06
3.0962e+06
2.83135e+06
2.5489e+06
2.81018e+06
2.87332e+06
2.68151e+06
3.04668e+06
2.97609e+06
2.82477e+06
2.89455e+06
3.4281e+06
2.97942e+06
3.17081e+06
2.94776e+06
3.32175e+06
2.92759e+06
3.18123e+06
3.20127e+06
2.907e+06
3.07587e+06
2.96547e+06
2.83636e+06
2.90424e+06
2.88411e+06
2.99095e+06
3.13134e+06
2.94393e+06
2.97968e+06
2.9148e+06
2.67806e+06
2.97481e+06
2.96346e+06
3.03356e+06
2.67719e+06
2.93294e+06
3.19254e+06
3.17819e+06
3.16591e+06
3.06564e+06
2.97431e+06
2.63227e+06
2.68628e+06
2.95687e+06
2.70306e+06
2.8173e+06
3.06646e+06
2.93312e+06
2.79437e+06
2.83205e+06
3.2034e+06
2.81292e+06
2.81442e+06
2.86309e+06
2.80091e+06
2.84099e+06
2.86068e+06
2.97204e+06
2.8787e+06
2.8016e+06
3.02816e+06
3.13977e+06
3.15301e+06
3.08176e+06
3.18135e+06
3.30631e+06
3.01371e+06
3.51751e+06
3.16357e+06
2.87817e+06
2.95255e+06
3.15104e+06
3.04343e+06
2.90296e+06
3.25327e+06
3.14296e+06
2.73774e+06
3.25888e+06
3.03671e+06
3.63161e+06
3.22123e+06
2.81269e+06
3.07673e+06
3.23412e+06
2.84961e+06
2.68084e+06
3.03108e+06
2.74596e+06
3.13816e+06
2.90706e+06
2.98678e+06
3.33666e+06
3.29864e+06
2.96234e+06
2.81256e+06
2.80661e+06
2.75753e+06
2.93227e+06
3.05672e+06
2.86733e+06
3.10379e+06
3.28756e+06
3.23664e+06
3.07388e+06
3.06664e+06
3.3782e+06
2.93645e+06
2.6735e+06
2.83791e+06
3.03867e+06
2.81119e+06
3.25125e+06
3.10829e+06
2.99413e+06
3.18072e+06
3.20267e+06
3.00323e+06
2.8337e+06
2.70258e+06
2.73675e+06
2.91483e+06
2.8317e+06
2.75484e+06
2.84333e+06
2.77518e+06
2.78972e+06
2.75049e+06
2.74623e+06
2.82528e+06
2.85108e+06
2.71823e+06
2.92634e+06
3.09175e+06
2.73909e+06
2.99391e+06
2.84755e+06
2.77841e+06
3.10923e+06
3.02394e+06
2.7269e+06
3.15833e+06
2.59441e+06
2.72047e+06
3.01764e+06
2.88609e+06
2.85769e+06
2.93773e+06
2.96953e+06
2.78943e+06
2.89299e+06
2.78556e+06
2.60908e+06
2.88697e+06
2.71605e+06
2.68084e+06
2.58252e+06
2.6579e+06
2.74135e+06
2.71047e+06
2.84196e+06
2.86213e+06
2.69927e+06
2.80578e+06
2.84023e+06
2.66014e+06
2.95088e+06
2.81424e+06
2.83478e+06
2.93101e+06
2.99421e+06
3.41515e+06
3.23308e+06
3.22706e+06
3.18159e+06
3.02717e+06
3.00899e+06
3.01421e+06
3.01943e+06
2.98469e+06
2.94748e+06
3.08201e+06
3.40908e+06
2.90422e+06
2.89287e+06
3.01459e+06
3.03161e+06
3.02102e+06
2.84414e+06
2.88199e+06
3.64155e+06
3.27681e+06
3.33042e+06
2.85902e+06
2.70566e+06
2.82073e+06
2.86065e+06
2.89505e+06
3.04513e+06
2.8917e+06
3.16035e+06
2.76557e+06
2.75426e+06
2.85514e+06
2.72675e+06
2.95186e+06
3.0058e+06
2.79155e+06
2.74834e+06
2.64504e+06
2.80232e+06
2.77347e+06
2.78349e+06
2.68769e+06
2.86471e+06
2.83154e+06
2.83781e+06
2.81986e+06
2.81196e+06
2.67867e+06
2.96217e+06
2.68158e+06
2.89902e+06
2.90698e+06
2.90847e+06
2.81301e+06
2.75213e+06
2.96231e+06
2.887e+06
3.02147e+06
2.92357e+06
2.77172e+06
2.81508e+06
2.85485e+06
2.87031e+06
2.73677e+06
2.92415e+06
2.90034e+06
2.83726e+06
2.89058e+06
3.0373e+06
3.25195e+06
3.16666e+06
3.3522e+06
3.34841e+06
2.97636e+06
3.24268e+06
2.91796e+06
3.00704e+06
3.01393e+06
2.99651e+06
3.1693e+06
3.35504e+06
3.20133e+06
3.22004e+06
3.09357e+06
3.10909e+06
2.97905e+06
2.99611e+06
3.02336e+06
3.16375e+06
3.10904e+06
3.07976e+06
3.12253e+06
2.96331e+06
3.05328e+06
3.087e+06
3.19559e+06
3.00629e+06
3.26779e+06
3.41688e+06
3.255e+06
3.15124e+06
3.18158e+06
3.3239e+06
3.15208e+06
2.89644e+06
3.07456e+06
3.03826e+06
3.15856e+06
3.00719e+06
3.23756e+06
3.20223e+06
3.0417e+06
3.30306e+06
3.34058e+06
3.04512e+06
3.07058e+06
3.11819e+06
3.18935e+06
3.07255e+06
3.14558e+06
3.13256e+06
3.14617e+06
3.01185e+06
3.17894e+06
3.06953e+06
3.1546e+06
3.16253e+06
2.9486e+06
2.9672e+06
3.10849e+06
2.91219e+06
3.23574e+06
3.086e+06
3.06682e+06
3.0918e+06
3.17554e+06
3.15419e+06
3.09102e+06
3.03119e+06
3.08408e+06
3.16739e+06
3.03538e+06
3.00327e+06
2.95878e+06
3.10875e+06
3.06007e+06
3.052e+06
3.1052e+06
3.07207e+06
3.16661e+06
2.92183e+06
3.17855e+06
3.06165e+06
3.14421e+06
3.0406e+06
2.98804e+06
3.05846e+06
3.06635e+06
2.93734e+06
3.05608e+06
3.02145e+06
3.0466e+06
3.01769e+06
3.15165e+06
3.07928e+06
3.04287e+06
3.14933e+06
3.15352e+06
3.11269e+06
3.40022e+06
3.22507e+06
3.04796e+06
3.18939e+06
3.00756e+06
3.14772e+06
3.12343e+06
3.04789e+06
2.91753e+06
3.0485e+06
3.1659e+06
3.14656e+06
3.17818e+06
3.082e+06
3.13279e+06
3.00695e+06
2.96804e+06
2.99729e+06
2.95565e+06
3.16337e+06
3.22829e+06
2.96237e+06
2.97082e+06
3.15091e+06
3.0523e+06
3.10154e+06
3.13213e+06
3.22702e+06
3.30455e+06
3.09258e+06
3.1492e+06
3.15153e+06
3.12798e+06
3.01688e+06
3.1957e+06
3.14718e+06
3.03579e+06
2.96849e+06
3.07804e+06
2.94784e+06
3.11159e+06
3.22629e+06
3.20363e+06
3.17098e+06
3.00149e+06
3.15421e+06
3.02377e+06
2.97051e+06
3.06846e+06
3.02133e+06
3.30496e+06
3.03358e+06
3.21605e+06
2.98528e+06
3.14658e+06
3.2047e+06
2.95572e+06
3.12409e+06
3.18008e+06
2.95853e+06
3.29604e+06
3.18528e+06
3.18423e+06
3.11257e+06
2.9585e+06
3.14621e+06
3.07193e+06
3.06051e+06
3.09588e+06
3.03779e+06
3.08807e+06
3.06645e+06
2.99432e+06
3.15293e+06
3.31033e+06
3.19772e+06
3.13532e+06
3.2138e+06
3.04456e+06
3.03224e+06
3.33217e+06
3.19453e+06
3.1346e+06
3.00449e+06
3.14658e+06
3.08873e+06
2.99899e+06
3.11367e+06
3.02716e+06
3.10356e+06
3.39608e+06
2.98874e+06
2.91838e+06
3.17515e+06
3.11637e+06
3.0172e+06
3.24998e+06
3.07359e+06
3.20151e+06
3.17526e+06
3.12386e+06
3.00509e+06
3.15616e+06
3.15785e+06
3.19666e+06
3.1296e+06
3.09467e+06
3.17243e+06
3.06981e+06
3.13437e+06
3.08871e+06
3.09254e+06
3.10014e+06
3.05744e+06
3.08595e+06
3.38745e+06
3.05428e+06
3.08948e+06
3.13466e+06
3.1404e+06
3.146e+06
3.32306e+06
3.1765e+06
3.14196e+06
3.33991e+06
3.14523e+06
3.18805e+06
2.99284e+06
3.05677e+06
3.25219e+06
3.03747e+06
3.18016e+06
3.09111e+06
3.19735e+06
3.18806e+06
3.32559e+06
3.10951e+06
3.2549e+06
3.16655e+06
3.00629e+06
3.0579e+06
3.20216e+06
2.9952e+06
3.05643e+06
2.92193e+06
2.9798e+06
3.02743e+06
3.22716e+06
3.27401e+06
3.13804e+06
3.29351e+06
2.97088e+06
3.04188e+06
2.91715e+06
3.17995e+06
3.153e+06
3.10434e+06
3.05685e+06
2.95174e+06
3.16847e+06
3.0403e+06
3.11212e+06
3.05253e+06
3.14315e+06
3.26876e+06
3.19079e+06
3.17707e+06
3.10603e+06
2.99174e+06
3.06877e+06
3.01188e+06
3.19827e+06
3.0414e+06
3.1566e+06
2.96825e+06
2.98595e+06
3.10032e+06
3.11623e+06
2.99837e+06
3.15534e+06
3.0684e+06
2.96157e+06
3.06875e+06
3.12756e+06
3.15184e+06
3.14844e+06
2.97559e+06
3.03836e+06
2.9817e+06
3.03105e+06
3.32136e+06
3.19166e+06
2.99352e+06
2.94511e+06
3.04639e+06
3.25443e+06
3.14096e+06
3.10957e+06
3.0184e+06
3.03481e+06
3.13064e+06
3.04706e+06
3.17612e+06
3.03625e+06
3.11289e+06
3.18066e+06
3.19112e+06
3.06945e+06
3.0738e+06
3.0121e+06
3.14993e+06
3.06809e+06
3.11756e+06
3.1045e+06
3.15118e+06
3.08178e+06
3.15709e+06
3.06852e+06
3.1139e+06
3.1662e+06
3.32722e+06
3.10058e+06
3.13847e+06
3.04949e+06
3.25945e+06
3.21929e+06
3.15006e+06
3.22877e+06
3.131e+06
3.01243e+06
3.12177e+06
3.134e+06
2.98858e+06
2.9839e+06
3.10869e+06
3.09364e+06
3.05762e+06
3.2128e+06
2.99923e+06
3.16883e+06
3.03387e+06
3.09957e+06
3.10321e+06
3.27795e+06
3.04955e+06
3.01652e+06
2.97109e+06
2.99851e+06
3.01796e+06
3.21484e+06
3.09229e+06
3.01709e+06
3.00719e+06
3.19343e+06
3.14521e+06
3.19889e+06
3.06968e+06
3.19383e+06
3.11746e+06
3.11775e+06
3.02355e+06
3.19025e+06
3.17913e+06
3.28237e+06
3.049e+06
3.05595e+06
3.02218e+06
2.93253e+06
3.01217e+06
3.07712e+06
3.02695e+06
3.22787e+06
2.96951e+06
3.09352e+06
3.08333e+06
3.07174e+06
3.02967e+06
2.97745e+06
3.3154e+06
2.97724e+06
3.02634e+06
3.02596e+06
2.9787e+06
3.08203e+06
3.13161e+06
2.91774e+06
3.1945e+06
3.07235e+06
3.14396e+06
3.29788e+06
3.04586e+06
3.00941e+06
3.08078e+06
3.13324e+06
3.05852e+06
3.17119e+06
3.00359e+06
3.05409e+06
3.16372e+06
3.13366e+06
3.11859e+06
3.19555e+06
2.99644e+06
3.1545e+06
3.24631e+06
3.0593e+06
2.98967e+06
2.94128e+06
3.12244e+06
2.92313e+06
3.13548e+06
3.12962e+06
3.04662e+06
3.01344e+06
3.29501e+06
3.15453e+06
3.08094e+06
3.10573e+06
2.99026e+06
3.20612e+06
3.18087e+06
3.26198e+06
3.13139e+06
2.94157e+06
2.98306e+06
3.18465e+06
3.2743e+06
3.18302e+06
3.15195e+06
3.1805e+06
3.22744e+06
3.00701e+06
3.13709e+06
3.10211e+06
3.11436e+06
3.10486e+06
2.84084e+06
3.16689e+06
3.11299e+06
3.08608e+06
3.1594e+06
3.07225e+06
3.14488e+06
3.04273e+06
3.00065e+06
2.97911e+06
3.21379e+06
3.1914e+06
3.0726e+06
3.18169e+06
3.1023e+06
3.09509e+06
2.99818e+06
3.15533e+06
3.24816e+06
3.08346e+06
3.26728e+06
3.25289e+06
3.01129e+06
3.09201e+06
3.27819e+06
3.04688e+06
3.10912e+06
3.07482e+06
3.1795e+06
3.15053e+06
3.10627e+06
3.17922e+06
3.23799e+06
3.09483e+06
3.10394e+06
3.17161e+06
3.23082e+06
2.96468e+06
3.07261e+06
3.11897e+06
3.11801e+06
3.10719e+06
2.85225e+06
3.06752e+06
3.18436e+06
3.15753e+06
3.03136e+06
3.21355e+06
3.08061e+06
3.09519e+06
3.13422e+06
3.40269e+06
3.02489e+06
3.01819e+06
3.01333e+06
3.0463e+06
3.04544e+06
3.04233e+06
3.06148e+06
3.12751e+06
3.06511e+06
3.07338e+06
3.07664e+06
3.00116e+06
3.1323e+06
3.31668e+06
3.06209e+06
2.96512e+06
3.10394e+06
3.10822e+06
3.12616e+06
3.0498e+06
3.05937e+06
2.97834e+06
3.07313e+06
3.06784e+06
3.2896e+06
3.24547e+06
3.1914e+06
3.02177e+06
2.93959e+06
3.05425e+06
3.1953e+06
2.962e+06
3.03461e+06
3.24255e+06
3.05777e+06
3.07547e+06
3.03848e+06
3.24767e+06
2.87171e+06
3.03337e+06
3.0695e+06
3.08717e+06
3.09056e+06
3.25208e+06
3.13368e+06
3.18984e+06
2.9776e+06
3.03667e+06
3.10557e+06
3.03457e+06
3.0157e+06
3.22292e+06
3.29261e+06
3.13139e+06
3.10191e+06
3.05133e+06
3.22495e+06
3.18038e+06
3.20122e+06
2.96118e+06
3.13678e+06
3.08653e+06
3.14105e+06
3.01727e+06
3.00806e+06
3.01217e+06
2.96199e+06
3.19759e+06
3.19687e+06
3.10333e+06
3.06182e+06
3.18229e+06
2.93235e+06
3.14927e+06
3.18947e+06
3.13027e+06
3.06401e+06
3.24095e+06
3.15384e+06
3.06556e+06
3.09206e+06
3.04851e+06
3.09122e+06
3.03889e+06
2.93281e+06
3.23837e+06
2.98952e+06
3.14079e+06
3.16138e+06
2.92493e+06
3.21063e+06
3.13048e+06
3.16093e+06
3.07676e+06
3.01419e+06
3.08275e+06
3.08719e+06
3.13367e+06
3.27731e+06
3.17457e+06
3.12104e+06
3.20922e+06
2.96368e+06
3.14176e+06
3.19914e+06
3.18763e+06
3.21479e+06
3.01474e+06
3.07414e+06
3.20924e+06
3.31144e+06
2.99982e+06
3.27962e+06
3.09412e+06
3.19295e+06
3.07294e+06
3.13795e+06
2.97727e+06
3.20162e+06
3.39696e+06
3.20574e+06
3.09553e+06
2.97914e+06
3.08235e+06
3.13615e+06
3.02587e+06
3.11785e+06
3.12265e+06
3.024e+06
3.05424e+06
3.09799e+06
3.11946e+06
3.16603e+06
3.11283e+06
3.11023e+06
3.12589e+06
2.87302e+06
3.13049e+06
3.12846e+06
3.06427e+06
3.2325e+06
3.34982e+06
3.20702e+06
3.21702e+06
3.02609e+06
3.11054e+06
3.17922e+06
3.0035e+06
2.96332e+06
3.11077e+06
3.06917e+06
2.99569e+06
3.06112e+06
3.07531e+06
3.44346e+06
3.22329e+06
3.02798e+06
3.19704e+06
3.21689e+06
3.01087e+06
3.08393e+06
3.13773e+06
3.1349e+06
3.10107e+06
2.94373e+06
3.07302e+06
3.06448e+06
3.28805e+06
3.05315e+06
2.90499e+06
3.13326e+06
3.12715e+06
3.30782e+06
3.13766e+06
3.14299e+06
3.19014e+06
3.16653e+06
3.16864e+06
3.04154e+06
3.17498e+06
3.0827e+06
3.08912e+06
2.96359e+06
3.26558e+06
2.95865e+06
3.27124e+06
3.01328e+06
2.97874e+06
3.22655e+06
3.06322e+06
3.21703e+06
3.24531e+06
3.03064e+06
3.02342e+06
2.95042e+06
3.18079e+06
3.04965e+06
3.09839e+06
2.98561e+06
3.18081e+06
3.07009e+06
3.02952e+06
3.00371e+06
3.0611e+06
3.17242e+06
3.07647e+06
3.11229e+06
2.90401e+06
3.12443e+06
2.96567e+06
2.99877e+06
3.17625e+06
3.06106e+06
3.17414e+06
3.24114e+06
2.99178e+06
3.20594e+06
3.19349e+06
3.40283e+06
3.09629e+06
3.17555e+06
2.94401e+06
3.05842e+06
3.15051e+06
3.0523e+06
3.17735e+06
2.97484e+06
3.06917e+06
2.98259e+06
3.06696e+06
3.08973e+06
3.09026e+06
3.09188e+06
3.06899e+06
3.08996e+06
3.22281e+06
2.9096e+06
3.10495e+06
3.07192e+06
3.08339e+06
3.14591e+06
3.01743e+06
3.03511e+06
3.06844e+06
3.08982e+06
3.14114e+06
2.98323e+06
2.97144e+06
3.24055e+06
3.22146e+06
3.05996e+06
3.05933e+06
3.12384e+06
3.12631e+06
3.05366e+06
3.19412e+06
3.22759e+06
2.91441e+06
3.08862e+06
3.02351e+06
3.08466e+06
3.03587e+06
3.23814e+06
3.05006e+06
3.1671e+06
3.14841e+06
3.20274e+06
3.25384e+06
3.10832e+06
3.11755e+06
3.05134e+06
3.22105e+06
3.09529e+06
3.15319e+06
3.1237e+06
3.12837e+06
3.05828e+06
3.11311e+06
3.10865e+06
2.98362e+06
2.96904e+06
3.11552e+06
3.19964e+06
3.06193e+06
3.06533e+06
3.14623e+06
3.26034e+06
3.12282e+06
2.92456e+06
3.24168e+06
3.1287e+06
2.99222e+06
2.99876e+06
3.37212e+06
3.15274e+06
3.13675e+06
3.12452e+06
3.10967e+06
3.073e+06
3.13432e+06
3.05801e+06
3.20003e+06
3.10756e+06
3.05523e+06
3.10733e+06
2.95118e+06
3.20207e+06
3.08847e+06
3.06505e+06
3.06888e+06
3.15702e+06
3.19316e+06
3.20208e+06
3.29024e+06
3.06991e+06
3.13066e+06
3.1541e+06
3.05956e+06
3.13833e+06
3.24256e+06
3.14255e+06
3.07035e+06
3.07211e+06
3.23407e+06
3.25851e+06
3.2142e+06
3.08045e+06
2.92718e+06
3.25737e+06
3.27722e+06
3.1727e+06
3.16904e+06
3.17855e+06
3.27396e+06
3.29759e+06
3.18943e+06
3.12388e+06
3.14716e+06
3.222e+06
3.4684e+06
3.43258e+06
3.18551e+06
3.38083e+06
3.35519e+06
3.35594e+06
3.23718e+06
3.07258e+06
3.0726e+06
3.13479e+06
3.33259e+06
3.1163e+06
3.06894e+06
3.18946e+06
3.00266e+06
3.31083e+06
3.03978e+06
2.8481e+06
3.15817e+06
2.91661e+06
3.19222e+06
3.03172e+06
3.14711e+06
3.05774e+06
3.08546e+06
3.02833e+06
2.93845e+06
3.06186e+06
3.21656e+06
3.16892e+06
3.00134e+06
3.10891e+06
2.99824e+06
2.96845e+06
3.09721e+06
3.12202e+06
3.10897e+06
3.06032e+06
2.9468e+06
3.09474e+06
2.97547e+06
2.97588e+06
3.12012e+06
3.2124e+06
3.09324e+06
3.20091e+06
3.20005e+06
3.08996e+06
3.04504e+06
3.14295e+06
3.13387e+06
3.08763e+06
3.21012e+06
3.02284e+06
2.9828e+06
3.16699e+06
3.15248e+06
3.16251e+06
3.15423e+06
3.26172e+06
3.1818e+06
3.11605e+06
3.22399e+06
3.17948e+06
3.08312e+06
3.16185e+06
3.14272e+06
3.12308e+06
3.32149e+06
3.03503e+06
3.08212e+06
3.13359e+06
3.17877e+06
3.02468e+06
3.10643e+06
3.20556e+06
3.06454e+06
3.08145e+06
2.97367e+06
3.17114e+06
3.09288e+06
2.94944e+06
3.20761e+06
3.29497e+06
2.99858e+06
3.02859e+06
3.18702e+06
3.34206e+06
3.12694e+06
3.07831e+06
3.03124e+06
3.12723e+06
2.97406e+06
3.16758e+06
3.08412e+06
3.27355e+06
3.10036e+06
3.15948e+06
3.3333e+06
3.19011e+06
3.05822e+06
3.07399e+06
3.0599e+06
2.98548e+06
3.18149e+06
3.13629e+06
3.23125e+06
3.13317e+06
3.20467e+06
3.19295e+06
3.00609e+06
2.95213e+06
2.91823e+06
3.08594e+06
3.12757e+06
3.32862e+06
3.11914e+06
3.10097e+06
3.05541e+06
3.18372e+06
3.07463e+06
3.03234e+06
3.07633e+06
3.16963e+06
3.04358e+06
3.20329e+06
3.05916e+06
3.25659e+06
3.18743e+06
3.01559e+06
3.08317e+06
3.1374e+06
3.21903e+06
2.97977e+06
3.14538e+06
3.08132e+06
3.1081e+06
3.07524e+06
3.01726e+06
3.03812e+06
3.15252e+06
2.96746e+06
2.97619e+06
2.96232e+06
3.04265e+06
3.20775e+06
2.99721e+06
3.16508e+06
3.10639e+06
2.97116e+06
3.03832e+06
2.95352e+06
2.85792e+06
3.12825e+06
3.08547e+06
3.15485e+06
3.18512e+06
2.9624e+06
3.18238e+06
2.84448e+06
3.2257e+06
3.03217e+06
3.03549e+06
3.1666e+06
3.27423e+06
3.07e+06
3.24693e+06
3.02685e+06
3.16755e+06
3.25805e+06
3.03717e+06
3.09864e+06
3.12391e+06
3.24585e+06
3.13145e+06
3.22541e+06
2.77833e+06
3.18827e+06
3.22563e+06
3.01531e+06
3.0166e+06
3.10125e+06
2.90551e+06
2.98323e+06
3.10268e+06
3.19836e+06
3.09423e+06
3.15608e+06
3.02417e+06
2.97706e+06
3.1431e+06
2.94811e+06
2.9036e+06
3.12649e+06
3.02388e+06
2.89084e+06
3.01137e+06
3.02199e+06
3.0598e+06
3.19818e+06
3.1506e+06
3.00577e+06
3.04856e+06
3.0177e+06
3.04983e+06
2.84408e+06
3.08872e+06
3.10375e+06
3.04501e+06
3.15693e+06
3.09366e+06
3.07711e+06
3.14253e+06
3.20811e+06
3.00643e+06
3.0676e+06
3.06263e+06
3.23817e+06
3.41859e+06
3.12714e+06
2.93456e+06
3.08319e+06
3.10464e+06
3.20715e+06
3.12783e+06
3.15561e+06
3.00209e+06
3.08255e+06
3.05493e+06
3.16027e+06
3.11996e+06
3.20841e+06
3.15618e+06
3.12878e+06
3.05153e+06
3.01755e+06
3.0115e+06
3.01769e+06
3.07002e+06
3.08453e+06
3.09758e+06
3.13357e+06
3.00328e+06
