628.344
952.529
1296.1
2785.85
2571.72
3119.79
3078.92
3685.41
4137.15
4330.13
4549.38
5113.13
5097.65
5729.03
5953.22
6456.72
7058.68
7177.19
7387.61
7516.16
8315
8785.91
8675.22
8440.14
8748.09
9351.45
9397.48
9557.88
10088.8
10643.7
9750.09
10884.4
12717
11217.2
12535.4
12683
12404.8
12970.9
13076.6
13171.2
14263.4
13875.6
14855.5
14736.4
14444.9
15314.7
15643.5
16214.6
16429.9
16625.8
16023.2
17402
17349.8
17804.3
18750.8
18111.5
17937.6
18530.5
18277.8
18878.9
19932.2
20155.7
19359.3
21095.5
19795.4
21331.6
20984.3
21073.4
22171.3
21601.1
22365.9
24300.3
23658.3
24227.9
24658.7
25548.3
27719.9
24974.6
25791.2
24486.7
25464
23258.1
25727
25090.5
25425.8
27871.6
25839
26355.3
26040.6
28340.1
27564
27613.4
28053.7
27102.4
27173.2
29791.9
27810.6
27076.7
29702.3
29708.2
31383.7
30170.7
28725.8
29801.3
29701.4
30046.2
29962.3
32121.2
30839.7
32559.1
29948.3
31680.3
34659.8
31723.4
33307.4
32501.5
34060.2
34068.5
34566.5
34499.8
34757
33966
34881.2
33557.5
36418.1
33383.5
33490.4
35736.5
35987.4
35851.8
35321.7
35852.8
36761.6
36315.6
37720.1
38019.3
36869.1
38088.8
37914.9
37738.7
42895.6
42080.5
40389.1
39192.6
41343.1
40911.3
41449
40416.4
40468.8
40298.8
39572.8
40034.8
39142.8
40308.4
41374.8
43284.5
39670.2
40120.1
42741.6
41672.8
41282.7
43369.2
43152.1
44762.9
46172.6
43205.2
38285.9
39939.2
44362.1
46287.1
46404.8
45666.9
45979.2
46173.9
43928.5
44298.8
43997
44361.8
47198.4
45527.6
45719.5
46623.1
45959.4
48530.9
52834.9
45099.1
45103.8
48450.4
48528.5
50345.6
48080.9
48541.2
47164.1
50502.6
47371.9
50712.1
46700.7
47561.8
49713.4
53066.2
49736.3
49077.1
50832.9
49744.2
46673.2
49686.4
50027.2
47743.8
51228.9
50628.9
49056.9
52777.8
51554.7
52192.9
49629.5
52269
54288.2
51802.3
51745.1
50912.2
51425.8
49829
54262.5
52088.8
52612.6
50385
53750.3
52535.7
51558.4
54136.9
55155.5
57046.6
54573.7
56490.2
56920.2
51933.2
58842.5
49703.8
56904.4
52869.4
52574.3
54743.3
52642.8
56685.3
55443.6
62775.3
56091.6
54109.6
52767.7
55505.2
53697.4
56452
54756.6
54404.1
55224.3
55750.2
57280.1
55188.4
58532.9
59083.4
59304.1
56821.5
62549.7
54629.4
56735.4
55945.7
60480.9
62339.4
56065.8
55934.6
55379.5
59173.5
64035.9
61406
60300.2
60291.2
62049.1
65633.7
59807.8
60330.4
61601.4
59280.8
63206.2
59507.3
61236.9
55049.4
58832.8
62347.9
54852.7
57738.7
61540.3
58504
56566.7
61486.4
62469.6
58799.5
58880.9
62086.7
63862.6
65298
61678.7
60008.6
66257.8
60050.8
64721.9
59878.7
61480.4
62977.9
63505.7
60116.6
61562.7
62448.2
62437.9
57861.1
62448
64938.6
68271.8
65080.2
66614.4
62107.8
60197.2
63051.1
60841.5
64907.3
61571.7
63886.7
62598.2
63744
73044.1
63090.4
64402.6
63493.1
64011.4
61432.3
62506.9
57929.3
64185.5
59887
64356.9
63478.8
63203.8
64197.7
68138.3
69048.8
60235.5
66923.5
65208
62558.3
61246.8
63946.3
67087.5
63660.7
66598.6
60845.3
70697
63152.3
62567.8
65823.4
60290.1
66795.8
59984.8
69160
67312.8
67779.4
65174.9
61859.7
64484.8
66517.3
64625.2
71849
67257.1
65659.9
65683
63868
62902.7
66661.6
65290.9
68585.5
65848.7
64487.1
63654
65954.8
68823.6
63178.6
66248.5
63908.5
64926.5
71081.7
62183
64689.9
62449.2
71230.9
63337.7
63362.6
62816.9
72560.3
69650
70382.7
64178.9
68489.5
66896
68800.4
67680
64963
69245.3
73419.7
65128.4
75430.8
68810.6
69556.8
69800.8
72110.6
66567.9
69056.9
66953.1
66609.7
61839
71571.5
67816
71693.3
73290.9
68594.1
64121
68790
69578.8
67344.4
69217.7
70118.8
65110.4
67912.4
62904.6
69269.7
67468.2
70742
70326.2
66429.7
72216.8
69899.1
66132
67348
70632.3
63969.7
66466.1
65831.3
70235.4
68920.2
64996
68413.9
68567.5
63183.7
70170.2
76838
75842.2
67865.5
66610
62597.2
68545.5
74144.9
68567.1
70806.1
69437.5
70617.1
66961.7
75909.7
72234.6
68500.2
69410.4
73730.7
62390.2
65250.5
65054.4
66462.9
67318.4
73871.8
64340.3
70541.1
61960.6
72132.5
73676.5
73389.2
67291
71377.7
68076.6
67911.2
70260.7
71146.1
68000.2
68527.4
72882.9
71117.2
67700.6
67596.3
74219.5
73775.2
72274.1
70966.9
64169
70041.6
60970.2
64697
65728.9
69359
66714
68251.6
74714.6
70743.7
74903.1
66100.4
68447.8
68359.7
70235.6
66701.3
63397.6
74275.3
70011.5
79462
65776.9
64338.1
67251.6
71312.6
72855.5
74857.5
63270.7
66349.7
78503
73421.1
70404.5
74142.1
74425.8
73114
75643.2
68997.7
61702.2
71438.1
71528.2
66122
62540.9
70512.4
74694.4
64120.1
68266.5
69523.8
73657.1
66380
69021.5
68583.3
71245.3
73450.8
71040.4
79506.3
67974.2
65940.8
78543.5
70574.9
69432.6
71697.6
68378.3
67948.1
71410.7
69136.3
70962
70774.7
69241
75157.3
74358.3
74672.1
73027.8
68837.7
65691.9
67030.3
70320.9
71774.7
66274.5
66086.4
68319.9
73854.7
73648.1
78446.7
75019.3
69039.7
67461.5
60778.7
78489.6
68168.2
70531.7
67282.9
66468.7
64400.4
69483.9
70067.4
65921.9
75263
69385.6
65893.4
64036.9
65750.5
72697.4
71890.6
68156
70005.9
63140.9
71782.4
66793.2
66668.3
74269
69421.9
73211.6
67758.3
70355.2
68520.7
70385.1
71200.2
71587.3
61426.8
67829.7
68838.9
63697.2
75697
71442.2
64635.5
74501.8
68868.7
74232.9
65351.9
65987.3
64485.6
69111.2
71489.9
70139.4
70531.7
64765.4
66636.9
67476.1
65316.8
67145.3
77750.8
60919.1
69092.2
75906.3
68212.4
64969
71797
73875.2
65629.7
64402.8
68988.8
71311.4
62599.5
68147
69077.9
65914.2
65554.2
75499.5
76067.5
72626.2
68513.2
60641
62435.9
69372.1
68964.4
66379.1
66237.6
67145.5
72444.8
64687.4
74837.3
68605.6
68656.3
62689.1
68601.2
71193.5
69351
57762.7
64330.8
66422.5
61399.8
65300.9
66039.4
63335
71120
69870.1
67258.6
58255.8
69532.5
74074.3
60536.2
73920.2
68343.4
72171.1
70918.3
71897.9
71952.5
74791.6
79119.1
68832.3
68071.1
68734.7
75735
62486.9
69626.7
75881.3
66570.4
66884.9
63746.2
60207.3
58565.9
64091.2
63764.1
72853.3
70482.6
68558.9
70644.2
69549.4
68324.7
61881.9
66002.6
76749.8
60351.9
70305.6
64996.6
64086.7
69638
69964.5
58545
72012.9
66799.2
66965.4
68019.7
71747.3
67914.6
67349.4
71882.6
65856.7
69665.7
68698.7
67506.3
70543.7
61751.2
65954.5
64812.8
64772
59662.2
63778.5
70290
65846.8
58519.3
63730.9
65432.4
63111.5
61422.3
68134.4
62197.6
59660.5
57823.1
60537.5
67418.5
58424.8
69555
72342.3
64341.8
71628.6
68771.5
71778.9
68442.6
66709.1
68464.4
65393
64435.9
65477
62455.7
67198.3
63766.3
53366.2
71080.9
63469
69628.7
65919.2
70157.9
62065.7
63521.4
66538
65654.4
73467.3
73811
69028.7
64777.1
60231.9
72123
67085.6
58737.6
64222.8
64896.8
63605.8
60539.1
66885.5
63379.4
55469.2
65681.3
75486.2
65814.7
68298.7
55283.5
55790.5
59971.7
60090.7
57180.3
52006.4
65057.7
68519.4
65482.3
59087.2
66845
57466.7
59660.6
69846.4
62361.7
67564
56863.8
48368.2
66535.5
55392.8
54519.3
58979.9
61748.9
62133.2
56187.7
50611.4
63235.7
63301.3
54768.4
69829.9
66117.1
73608.9
51604.5
58596.9
53266.9
68628.2
59042.9
59525.3
55201.5
65950.9
62813.7
61203.1
71286.6
61636.8
58188.8
63399.8
64710.9
58015
58020.7
54067
58045.3
71773.5
60592.2
62925.9
60551
62397.2
56617.8
61266.9
61085.5
54307.7
52459.8
61002.5
65257.5
60266
53543.2
58076.5
51055
42390.6
56650.9
65558.7
59883.6
54995.5
51742.2
60403.4
51168
65062.3
45324.3
52958
60652.1
60148.7
61219.7
58181.1
54562.9
61563.4
59690.7
63400.6
58676.8
46675
62215.5
52273.3
51970.6
47729.7
52656.8
51596.1
55893.9
53584
49174.1
56016.7
54805.3
62879.3
58692.1
53017.7
55164.8
55182.3
53181.1
58724.8
53911.1
53078.6
55246.4
55683.9
56130.4
54942.2
49878
56233.5
57954
65374.1
61756
52264
58234.8
62109.6
63089.8
55460.5
53080.7
62698.2
54790.2
58306.5
54539.7
52578.7
55946.1
62204.5
56697.4
56047.6
54338.9
60245.3
55710.3
58703.2
43298.3
56989.4
50935
59722.5
54727.1
56738.6
51473.5
52346.3
58479.2
49406.6
59518.7
48094.2
56804.6
51918.5
46904.3
52673.6
56877.5
58179.2
48058.7
51837.7
58770.5
56336
58959.3
43715.2
45527.7
50049.2
50314.1
52201.5
53465
56006.1
55925.9
47192.5
57960.3
49975.6
51658.8
51834.1
53439
57860.7
58340
52181.5
59377.3
46086.9
52598.1
48499.3
53597
53995.3
52065.8
45259.6
45974.6
49551.3
45209.8
53117.2
49810
46800.7
49934.6
55072.2
46819.4
49469
50859.2
48048.2
43436.7
55993.8
47500.8
54223.5
47964.3
56160.8
54013.6
46685.6
51322.9
47145.5
49447.5
51774.4
51801
54549.2
54253.7
52641.4
55755.9
51549.1
58334.1
46538.6
41595.8
51991
48407.2
46284.5
52807
56584.4
57255.3
52412.5
43600
52236
51355.5
45830.1
54904.8
41456.2
59460.4
44681.9
48463.5
47689.7
47012.5
47827.5
49076.8
54140.6
53747.9
56087.1
54951
51129.2
56571.9
46237.1
48383.4
43643.2
52716.2
40176.3
53779.9
45382.6
41199.8
51334.8
47129.7
54431.8
52262.7
51338.8
50260.9
50519.2
50911.6
46991.5
38662.2
42371
40097
55252.8
39778.8
46461.5
46826
52790.2
50621.9
45366.2
48070
46729.5
45284.5
57632.5
49742.6
47820.1
47633.7
45735.9
37467.4
48749.4
40791
42804.6
52725.9
42872.8
40896.2
43210.8
53729.8
48292.3
44137
45235.4
52321.4
45689.8
45050.7
45434.9
52531.3
54707.5
47533.7
42947.6
51912.7
48198.1
37752
48118.5
49779.3
53759.7
47594.3
50232.5
39218.9
43223.2
42727.9
43699.5
50217.5
41490.4
38355.9
47539.6
48449.1
44629.9
44005.9
50827
44763.2
45891.3
43935.6
45906.4
46517.7
42708.1
35704.6
54390.9
39002
44351.7
41603.6
52263.2
52482
49194.9
44701.5
50803.7
48760.6
51876.7
48747
43858.6
48186.7
56431
51200.8
42857.8
43103
47510.9
48555.4
38653.4
45610.9
46870.8
50697.3
40123.4
34463.1
41347.8
40530.5
38285.9
49033.7
49089.1
42895.2
44158.6
53060.4
41847.1
44431.1
45873.5
45788.6
43439.3
47572.1
44424.5
44651.5
39319.2
41878.7
38756.7
45352.4
41392.4
41433.9
47137.3
35877
38623
48198.2
43369.2
45635.5
34451
40925.7
40829.7
43001.5
38429.1
44658.1
47418.7
42580
40045.8
51487.8
43624.4
44729.3
47150.6
49539
46398
47756.8
41827.8
41230.5
45025.9
45623.5
37934.7
38688.2
42326.8
35856
51123
50385.7
52218.8
47447.7
34104
39869.1
38976.5
37565.6
44748.7
38999.4
51149.2
48243.1
36737.5
40683.1
42164.1
38853.3
45429.5
45990.1
42926.4
49367.5
45541.8
38040.6
33951.1
43490.4
40010.7
44124.2
46131.9
40406.6
47310.5
41518.7
39449
43210.5
40957.1
37826.1
37145.8
45564.7
42860.6
46521.7
38389.3
46292.8
45177.8
39375.5
44877.7
36836.1
36521.2
38205.7
42700.7
42950
43560.9
47774
38687.9
40404
31210.3
40203.2
37931.6
38401.8
40732.8
34608.7
37948.7
49772.2
42474.4
42057.3
37178.4
41859.3
39589.5
39759.3
36855.4
40426.2
33883.2
35995.3
38024.6
39036.4
44682.1
42602.2
40845.7
41592.6
35506.7
32709.2
32411
37551.4
36320.6
38392.2
40606.3
44344.6
37651.4
39803.3
35465.4
40095.8
37811.2
42083.9
34992.4
47694.6
46306.2
39529.9
38206.1
42364.4
38332
38811.8
35971.6
38623.6
39686.4
42410.1
42751.1
36675.9
39915.6
39682.8
33357.7
35877.9
37477.9
40462.3
39679.7
35757.1
41340.7
41039.2
36140.4
38908.7
29013.4
32158.6
31836.2
35792.8
39411.1
36471.6
32032.7
37432.2
38958.1
40646.5
36817.5
40875.7
39565.3
45709.9
37779.8
31275.5
28081.7
33216.9
40145.4
36889.6
34660.5
45250.9
32148.5
38361.8
42159.1
32763.4
33440.4
29262
34297.8
39716
39181.4
29181
43576
33428.8
39192.3
33297.8
35855.5
49495.4
40442
30022.5
37225
34226.9
40782.1
31283.8
37306.5
30494.3
31389.5
39783.4
29766.3
36333.4
34571.2
38234.9
34557.2
34634.3
40608.5
29610.9
37821.7
38684.3
34203.8
33385.5
34666.3
28310
35215.4
33594.9
25784.7
33543
32738.9
36363
43218.3
33821.5
42061.3
28576.5
34139.8
38868.2
35849.6
43336.7
38982.5
33983.5
32493.9
35824.2
35716.6
35741.4
27016.2
35857.5
33391.2
35116.5
38110.5
35995.2
35573.2
34239.5
30647.9
36788.1
40680.7
37425.1
31133
32150
37158.4
38594
40862.2
35988.6
30506.9
35835.5
31387.8
34001.5
32304.7
37311
30391.5
32266.2
32608.5
31332
36927
39004.3
31774.6
27673.1
33853.2
25182.4
30571.4
37127.2
30861.6
33428
27148.7
24649.6
31090.4
31084.9
44041.8
26368.4
27939.1
32759.3
28195.8
30051.1
38699.3
31272
26523.6
39174.9
32167
30964.4
34314.5
37919
39065.8
26776.5
28564
30606.6
28857.9
30593.8
33297.3
33487.7
39106.8
32655.4
35655.1
36957.4
35593.5
24852
35389
26389.4
30574.3
29056.4
35786.4
26047.3
32302.5
25594.1
24020.1
27555.4
31139.6
26490.9
25525.5
30559.9
26084.6
34528.3
29014.2
25774.1
33834.2
34874.6
30128.8
28587.2
24939.6
36897.3
21402.8
34971.5
33158.1
32116
29466.6
29242.5
33231.1
26734.8
30716.9
34325.5
23676.4
24331.3
31751.4
37794.7
30126.7
28757.3
34700.5
28579.8
29543.7
34718.2
33225.8
30313.9
34823.2
37661.3
28993.1
25842.3
31431.1
37722.5
29027.7
32574.1
34189.2
34225.4
29391.8
27577.3
26957.9
26115.8
24039.9
31191.2
28787.1
24169.8
28020.8
32425.4
26839.8
28101.4
33390.9
27258.4
24224.6
27008.5
28402.6
29905.3
33002
31139.3
28723.1
27409.7
26599.7
29216
33037.2
32957.7
26762.5
31794.1
29522.8
29983.3
30628
28414.9
36879.8
24185.9
28081.3
23153.9
35167.6
32261.9
25448
33632.8
28694.9
28108.6
25609.1
22696.4
22673.6
24167.8
30978.4
28753.7
29297.1
34080.4
29623.1
32457.8
30172.5
22453.1
26826.3
27469.3
24666.5
30203.2
24253.2
21634.3
20539.5
27997.2
23051.4
28587.3
32920.2
25714.5
31606.9
27330.9
28578.9
25715.5
31985.7
25967.8
32150.2
28551.5
29145.6
20685.7
33988.4
33275.2
22793.6
26386
22270.9
24056.7
24151.7
26016.8
30216.3
28093.6
30203.2
30599.1
32034.1
22981.2
25357.1
23818.2
28010.4
31316.5
24400.2
22823
28859.2
25313.8
28053.9
30606
32117.7
25417.4
21570.3
21224.2
19591.9
32688.5
26889.7
24062.8
25404.6
18410.4
23256.4
21954.1
32129.3
23831
34075.4
27421.8
25584.2
22171.4
21196.4
25953.1
29912.2
30818.5
20768.1
28528.8
20204.1
23056.4
36087.7
26369.5
29976.8
27951.5
24673.2
23252.8
21955
29677
25949.7
28414.5
25173.6
23502.7
32087
21779.9
27824.6
25219.1
21388.5
19880.6
26200.7
19083.1
28491.5
22254.3
24438.4
29345.3
29360.4
25787.4
22494.5
26187.8
35727.8
19638.3
19296.7
30465.7
23134.4
28267.2
26663.9
24989.6
21264.1
23366.1
24596.9
25828.6
22621.8
25001.3
19909.3
23436.4
23731.8
26945
25280.1
23863
18707.3
25613.5
26392.2
25189.4
24588
27915.5
22361.5
19687.2
22135.5
26030.2
22662.8
23566
24815
26796.2
22946.4
24013.1
23242.7
18678.5
22191.4
27171.9
26334.2
29364.9
22603.4
20806.2
22460.4
24290.1
22141
23247.7
22533.4
19691.8
22426.1
20991.7
28481
29235.5
23484.8
19528.9
20848.3
18575.4
27064.2
23231.9
20518.4
19094.9
22782
20306.3
22348.5
18938.3
24308.4
31381.7
25599
22719.7
19422.9
20548
20383.7
18812.6
22944
18295.1
25740
22395.4
25484.9
25224.4
18803.6
27833
18491.4
22882.8
16667.2
22865.9
23656.6
24503.1
18209.7
19252.5
23754
22000.4
21308.2
18404.6
17541.4
19003.5
29843.2
23311.2
24242.2
22747.2
23657.5
18391.4
17911.2
20086.5
21481.6
22295.3
20816.4
19588.2
26854.2
24686.7
17022.7
25325.6
18205.2
24319.8
22144.9
18638.2
18274.7
18089.2
14961.8
18570.5
18359.1
19802.2
23784.7
18802.2
19781.7
22792
21733.8
23031.4
21093.8
22324.8
20397
20227.9
18311.2
16579.4
24538.6
21721.6
17633.7
22478.5
19850.1
28652
16423.9
16951.5
19095.5
23336.1
21943
24310.6
21522.9
17490
21664.6
21006.7
17576.5
23425.4
14592.3
24927.4
15705
24754.2
16268.9
19831.4
21141.7
16733.3
22304.3
24259.3
22921
17406.7
21652.5
19412.8
26879.6
19683.5
21537.6
21570.7
21413.5
22193
15957.7
20155.3
19733.4
15609.1
18395.5
21886
21066.5
16625.5
22782.4
20852.7
13697.1
18766.1
19616.7
18875.8
18279.3
18999.6
17533.9
15816.6
19724.7
23948.9
14473.7
27518
18579.6
22674.2
21651.1
23346.5
20247.4
17354.3
20935.1
16203.4
17528.6
21128.1
23260.2
19381.4
17353.8
18904.2
25616.2
25404.8
15986.1
22248.3
19825
17870.1
20907.7
20531.1
22622.4
13194.5
20013.7
15592.5
19075.6
14990.1
13419.1
26446.6
14183.4
21643.9
15031.8
17018.7
17003.7
16900.5
19756
20131.8
18659.9
17818.5
21807.6
18290.7
19675.1
20191
16098
20798.2
20057.4
20904.9
18512.1
18806.8
25791.2
17636
16851.6
15490.6
15124.9
19281.1
11883.6
17699.4
24489.4
22860.4
22251.6
15938.9
20673.9
23508.1
20293.9
20919.4
25436.4
24844
27479.9
22387.4
22868
26644.7
16339.8
25381
23089.3
23645.8
21507.1
19900.6
15431.9
16757.9
19153.3
16432.5
17759.1
19621.2
17693.3
10544.3
15477.2
18096.8
13305.4
17578.9
19298.2
21961.9
15696.5
23197.3
14810.1
18161.9
18901.8
16223
18221.9
20840.6
18071.5
18368.5
21867.4
20242
19246.4
26952.1
18292.1
17309.4
15438.9
24154.9
21957.5
23370.4
18753.7
17019.3
16708.1
23170.5
32046.1
22839.3
25597.5
20206.9
20145.3
24285.3
11921.5
16235.9
19007.3
15758.4
14020.6
16929
15683.8
14988.9
14754.3
23596.2
19629.2
15634.5
18868
18539.5
17146.7
19219.1
15507.5
15602.3
15169.1
19761.9
13728.6
10395.6
18982.6
17753.8
17917.6
20930.9
16494.5
14679.1
15102
12989.8
15230
13592.9
19378.8
22585.3
22369.9
18375.5
15963.2
19465.9
22314.5
13833.9
20035.5
16788.9
12036.1
11023.4
18915.8
14764.3
12672
9467.76
11846.9
16938.8
18627.4
12194.9
19921.2
15800
19445
19479.4
17330.3
11493.8
10524.8
12595.7
10048.3
12502.1
19409.7
17456.7
13926.4
15619.1
16866.4
18373.6
16403.7
10044.5
20385.8
12961.4
11662.6
14413.6
11414.3
13408.6
17967.3
11296.3
15848.7
15478.6
16377.7
15865.9
12481
15641
17258.6
12205.6
16301.8
17310.4
17141.2
13157
17169.7
14354.8
17652.4
14633.5
15462.9
16979.8
18001.8
16346.1
12537.1
19699.4
17548
16785.7
9668.93
15875.7
12836.7
18126.7
12712.8
15679.5
16592.6
10674.1
15042.8
21604.4
19078.3
12801.6
15892.6
19475.4
16629.8
12564.2
17040.5
19457
22094.7
19285.3
27515.1
16990.8
14921.9
22466.3
14910.3
13418.6
14927.2
14501.3
15718.5
13024.7
20438.4
12731.7
16798.6
21773.5
13771.8
16808.7
14375.4
18069.5
10907.7
16652.8
15611.8
15121.6
14971.1
17628.4
12994
16113.5
13202.4
12504
11673.4
11074.8
16895.2
14777.4
18756
14455.6
11221.6
19250.4
12289.3
11992
12733.4
13208.4
13222.3
16648.4
11831.1
13325.8
14034.3
16664.5
18246.2
15460.4
12336.8
16213.2
15168.3
7923.29
15954.6
12955.9
15248.8
14281
17245.7
16035.2
17604
13416.7
9233.72
10255.3
15793.6
17138.9
15708.5
12611.6
18335.2
19253.7
9044.87
12277.4
11564.5
13423.7
12792.4
14978
11181.4
9337.05
12489.5
8962.01
14093.7
9505.91
12377.1
10342.1
11752
7203.32
13368.8
8378.06
12428.8
13455.8
16801.8
16372
10506.9
5266.65
17986.2
13187.6
10347.3
17235.7
15335.2
16978.7
13691.9
15902.3
12413.2
14394
10965.3
11706.4
14058.5
10645.6
10093.1
11739
12129.1
16039.1
18543.3
14413
11565.2
12116.8
16664.7
12350.4
8784.22
12260.3
15467.2
14327
12737.5
11506.5
10169.9
13925
9204.51
11085.3
14624.9
11514.7
9343.18
11288.2
16180.3
8867.29
8256.27
11479.7
14491
9606.9
13047.5
13288.7
14455.8
13979.6
11914.7
15611.6
14524.5
11868.9
16138.5
13610.1
16593.9
9851.45
17146.3
11521
12328.3
14437.3
14828
14243.5
12274.6
10483.6
15062.4
8170.8
16363.9
12007.7
9429.43
9185.77
11612.1
15978.6
13708.8
17923.7
8096.7
8523.3
11187.4
12055
9414.92
10561.9
8083.2
9806.35
10307.4
15245
10383.7
6684.6
15651.8
9621.07
13573.1
8397.48
13004.3
14851.9
12711.9
12294.5
7494.51
8984.08
12670.5
11963.9
8832.25
13120
8993
10993.7
17206.1
9330.46
15709.2
15983
10334.2
16934.4
11359
10054.7
11477.8
12128
14357.6
13073.2
6247.64
15066.3
12166.6
15686.3
14349.6
12650.5
14460.7
18361.8
14347.3
19595.9
17457.7
16606.5
11592.6
11957.9
14224
8405.09
11361.9
12976.1
9150.96
7050.13
10925.7
11225.5
12855.7
7322.3
6581.17
9614.9
11205.2
12881.5
10808.2
11143.8
13384.6
11509.5
9485.24
13920.8
9167.05
10203.8
13658.7
12394.5
10185.3
8500.29
11117.1
12480.5
10365.6
16338.3
10823.9
11419.8
9230.52
10776.4
10047.4
9724.21
7240.2
13335.6
15597.5
7400.6
10323
13937.8
12068.5
11782.7
13013.1
13993.3
12474.2
7224.96
6630.09
12915.6
10054.9
4853.56
12781.5
7648.1
11810.3
10168.2
10622.7
15419.9
11564.3
9957.76
7646.8
10777.7
8504.14
16270.6
11040.5
8786.36
16282.4
8133.89
8997.22
13463
10537.7
10339
10715.6
10158
9371.84
9495.76
5454.61
12270.9
12380
17718.6
15785.7
10451.4
12437.7
7705.53
13613.9
11921.9
7020.23
12837.8
12556.5
10208.3
8137.32
9377.14
12259.5
8366.09
6496.62
7513.62
5714.24
13687.4
11133.9
9889.42
7547.73
9628.67
9010.93
8565.47
6847.61
8474.41
10280.2
16057.6
12932
13159.6
10718.4
7333.27
14907.8
11355
8775.88
9002.32
10910.7
9224.3
10522.2
7953.61
5130.38
7252.17
10058.8
8022.5
10904.9
11623.5
6612.85
12149.7
11225.9
10526
11745.7
12659.4
9348.15
7275.73
5391.34
8566.27
9429.66
10996.4
9319.85
7510.99
10503.1
7330.5
12022
10240.2
14065.9
13427.7
7289.91
12507.4
9779.18
12268.6
7357.69
6759.22
11893.5
10553.8
8443.62
9501.79
11699
6544.13
13741.6
6444.6
9063.95
8498.52
6587.25
12502
14274.4
8444.84
9114.31
6273.16
13335.5
12734
12269.3
8415.42
11418.4
10255.1
6714.67
7876.7
8884.59
6515.96
11763.9
8539.09
7671.66
7672.67
8742.36
8530.35
7370.5
10053
7264.7
7937.13
6947.84
9230.58
11193.1
11098
9606.08
10444.7
9301.39
12830.4
11637.2
10609.8
6036.35
10034.1
10169.7
16005.7
7527.69
8323.81
9969.89
10215.7
6606.12
10004.9
10049.3
8384.64
10671.6
7747.38
6797.19
8747.38
5717.68
5310.13
8558.53
6958.85
10140.6
8552.94
8387.42
5329.37
6789.93
12205.5
7623.75
8466.36
7869.97
3097.14
10787.3
7048.53
7801.44
8151.93
9289.9
6730.87
9790.35
7150.71
6973.93
5939.38
6595.1
10412.9
7519.65
6446.45
11092.6
6419.64
8240.46
10135.2
6771.61
8328.71
12912.9
5853.15
6946.59
8185.49
8126.76
6989.62
8626.03
11213
5773.84
9443.49
10511.4
11967
13700.5
11891.7
7925.91
4580.8
8601.76
6481.64
10526.8
8296.53
5425.97
11514
10458.4
6702.34
8542.25
6410.26
10819.8
7254.19
7647.49
6412.63
4246.4
7007.44
9532.97
6160.02
4842.94
6370.75
14924.5
5228.34
6047.39
8926.99
5750.81
5378.02
9894.02
6367.66
11921.7
8324.89
5841.12
9390.01
12708.9
9229.62
8967.26
5792.54
9804.5
10346.2
6744.05
8413.94
8971.72
5724.42
7610.46
10489
6380.91
7793.88
9087.64
7862.3
6226.64
5381.83
6314.93
12466.5
6413.55
8929.21
7000.21
11543.4
10101.2
10877.7
6656.2
9821.8
5966.14
4022.97
9069.04
7468.55
5270.24
6599.96
6934.12
8249.82
4747.19
5851.26
7773.11
11702.7
8571.5
10453.3
9144.55
5016.19
6883.16
7264.97
7283.07
9412.78
10867.9
7896.69
3675.55
9027.59
6704.68
7515.61
6937.36
6925.76
6932.82
5776.22
6481.24
4444.32
7744.74
6519.03
10167.2
11596.1
6090.43
7458.19
7189.21
6416.78
6812.16
9748.59
8962.5
8866.49
6723.83
7577.22
10016
7753.94
6976.03
6957.4
10334.4
6900.3
6402.6
5999.69
9783.68
12547.8
8372.57
5155.87
7008.46
6806.76
4919.97
7345.96
3982.36
5644.56
10359.9
8581.01
5627.83
7595.41
9061.81
4268.71
4313.67
5879.24
5381.72
6303.06
9921.31
8988.12
5486.29
6749.81
8061.1
7717.38
8368.67
10778.8
11655.7
5112.19
7291.86
7736.15
5841.76
6904.76
8024.44
12751.6
6592.27
5866.43
5233.35
6870.18
4990.1
6670.43
8074.1
3860.99
7321.32
6398.25
10838.8
4445.41
9564.1
5460.94
5481.07
7657.47
7976.85
6355.39
7301.54
7761.51
7017.2
7409.25
8708.43
5689.08
5882.78
7562.17
7634.22
8806.35
10262.4
8711.44
8143.66
6224.69
5034.09
5221.69
7204.98
6774.82
6202.55
6739.9
4454.16
9281.38
3989.45
6255.96
7804.39
7128.99
8445.71
6020.73
6788.24
6500.33
6841.13
7526.14
4734.01
7392.67
4976.94
6633.92
8654.49
6822.02
6459.92
4961.62
5272.3
6830.34
6363.08
5673.77
6006.07
8475.11
7485.48
3681.02
9671.23
7652.06
5885.53
6385.58
3783.14
5514.8
5313.82
3219.58
8360.44
8469.84
7541.49
4094.39
9428.03
3397.67
6954.56
5648.39
5705.69
6758.13
6400.23
6336.67
6047.92
6818.98
8420.46
5546.98
5799.45
7604.08
6459.06
5097.34
6872.02
9375.96
6060.91
5309.15
3495.15
6984.75
9158.17
5305.64
9104.07
8149.43
4359.89
5524.6
5059.03
8350.33
6661.24
5573.31
6736.72
6820.38
7496.23
4798.47
7165.47
8619.13
4330.02
7306.33
4589.13
3729.83
6737.8
5400.05
4053.07
5549.9
12185.2
4848.92
5594.14
7139.69
4245.47
7037.39
6099.78
6933.71
5893.44
7043.16
8923.32
4628.16
6479.75
6630.78
5575.72
5366.51
6354.63
9402.01
7500.81
8675.56
5748.33
4354.26
2944.45
5389.85
4712.69
3947.74
4813.52
6640.77
3225.58
6714.31
7851.69
6170.5
5469.67
7339.45
8796.82
8354.17
8212.98
6099.09
8672.25
7078.21
5966.98
4275.1
6887.93
3737.97
7043.68
4388.8
5115.8
6635.69
4299.42
6971.22
3816.22
5116.04
5201.11
6498.9
4160.84
3497.46
6454.78
6424.42
6136.29
4787.57
7513.32
7820.52
6132.55
7306.64
4819.24
5465.95
8224.59
7406.29
5979.92
4711.14
6514.35
8007.84
8141.95
6259.1
6411.07
5594.4
6423.56
3879.97
3573.66
6258.33
5242.33
5175.87
8864.21
7135.25
5938.62
6432.28
3715.23
5923.98
5895.4
7215.8
2454.28
5726.53
3681.78
7763.64
6412.94
3692.11
4417.08
5633.96
4555.5
4982.66
9263.47
3966.64
7258.16
7189.69
2539.63
8422.44
6797.89
5750.39
5167.63
7168.01
1668.25
6051.5
7091.26
3916.45
3037.21
5635.88
6861.49
4054.39
3860.46
8519.67
3769.49
2719.13
5990.03
8132.87
7509.28
6624.47
6413.99
6300.49
4712.51
7209.89
4560.09
3871.6
7206.36
3407.87
5348.92
8091.81
3596.99
8461.83
3401.25
7433.73
3603.62
7695.01
4461.87
6980.69
4053.69
6109.45
3883.74
5439.16
5399.13
3953.61
7897.62
4132.44
7460.05
5066.71
2798.67
4454.19
6195.27
5979.12
6475.51
4278.24
7759.31
4243.93
7890.11
4071.78
3976.33
4215.23
3901.06
4765.86
4882.08
5021.68
6698.13
6229.48
5455.41
4935.65
7042.6
5519.4
5295.34
4206.28
7544.54
3560.86
2990.28
4563.9
6177.89
4471.25
6128.36
5339.31
3636.87
5119.07
5744.76
6435.44
6895.6
4233.12
4473.69
6925.11
3925.21
2404.94
6541.1
5865.61
6443.34
6405.1
5100.26
4544.06
2942.77
4400.27
3325.35
6365.77
9026.77
7018.98
9383.91
2950.72
6729.23
7648.49
4984.6
6573.48
5743.46
3184.14
8495.35
5531.25
8034.48
6834.26
6382.73
7960.4
3562.56
5231.83
3220.94
5351.62
6236.98
4335.67
4657.04
5360.09
5088.49
3326.96
3866.61
2304.49
7960.23
7263.26
5796.37
6805.48
2844.7
4375.17
6238.8
6393.28
2189.35
3104.17
7205.42
4842.07
6053.06
4057.66
4832.73
4830.12
5402.53
6305.6
4675.97
2359.51
5826.44
4860.36
3985.63
7459.73
4392.25
2969.27
5364.9
6207.07
1674.25
4114.29
3767.57
6483.25
5340.6
5856.83
4021.62
9237.16
6271.98
7952.51
3761.61
4687.76
4145.21
5553.46
6220.61
4868.31
6355.62
9394.43
5677.44
5269.82
5939.76
3978.28
5227.87
6267.77
4764.95
3102.69
5452.92
6295.54
4349.01
5025.31
4647.65
8085.3
4619.32
4845.7
3254.86
6650.77
4430.24
2512.13
3513.12
5456.76
7574.94
6764.42
6232.37
4490.2
4941.88
2374.19
5418.25
1965.89
5809.74
4760.19
4521.52
4610.24
5379.28
4356.56
5535.27
2735.35
6473.28
6522.86
5516.24
4740.67
3933.87
3556.82
7189.91
3082.61
5153.12
4981.26
3779.11
4946.62
3998.4
4153.85
2107.55
4104.17
3244.41
4694.07
3667.26
4152.46
4449.3
5098.7
4534.94
4216.21
5984.2
3248.94
4798.4
6892.26
3832.99
3640.06
2879.16
4702.71
6581.87
5123.88
7534.35
3962.41
7001.52
5069.38
3346.37
3597.51
3849.34
2806.34
4904.02
4491.8
3793.46
9314.49
2226.96
4418.48
2677.09
3295.71
4978.34
3051.42
3306.61
3915.27
7027.06
4820.69
6249.14
4639.95
7323.31
6557.87
7751.57
4746.11
5103.35
5742.54
5751.52
2846.72
2931.89
5437.04
3461.21
4739.26
6055.81
4253.95
2328.06
2819.52
3109.04
4206.5
4104.89
4326.43
6319.27
6539.37
4758.16
5441.32
4481.26
4623.77
5172.46
4229.06
3648.46
3960
5949.36
4513.86
6856.34
5780.99
4026.59
6130.85
2978.62
3604.4
6223.36
2785.95
7737.35
5169.72
2264.99
7019.48
6919.64
6927.4
5639.25
4897.84
5323.11
4226.14
4940.43
4830.09
3365.08
7037.84
3578.02
5685.48
4188.43
3187.62
7123.09
5328.95
5163.81
5206.06
5328.79
4401.82
8278.85
4847.12
2237.3
2726.55
4174.38
2846.04
4468.88
6750.65
5629.33
3574.75
3410.35
4552.64
2707.43
6897.33
3316.52
4203.59
5970.17
3509.79
3340.34
3596.69
3480.95
6203.95
6221.83
6403.26
5648.85
4361.3
7330.21
5598.23
3657.54
8132.76
5533.99
4659.51
7371.23
3512.66
3350.06
4132.75
3613.94
5055.93
2746.99
1171.74
6411.06
1943.47
6365.56
4653.3
4209.9
3586.67
1255.85
6918.45
3153.6
2617.75
4199.88
2969.1
3525.4
3447.97
5256.12
3883.74
3765.91
5055.27
4069.09
4484.89
3903.36
3869.16
4431.78
4915.28
4833.61
3840.55
5253.31
3095.48
2884.04
7589.41
2579.77
5288.32
6176.76
4881.33
3493.32
9728.3
5979.54
4061.77
3331.08
4998.83
3755.26
3444.84
9589.75
3203.21
3978.16
4781.73
5603.55
5896.22
4563.73
5442.64
3620.39
4669.07
3262.86
3684.84
4931.2
5206.25
1884.7
4534.58
3018.97
2656.91
3759.55
2504.25
4197.9
4996.78
5101.34
4995.55
3356.95
5225.2
3272.55
3048.48
3544.7
4419.57
4058.56
6436.84
4288.89
8929.8
4793.36
6640.67
4206.8
1640.12
4840.23
2478.24
3220.67
2438.02
2269.13
2814.62
4397.95
5132.07
5402.27
2549.66
5442.59
3421.96
2367.89
5081.71
5437.49
7250.51
2993.68
5544.45
5035.96
1852.66
2834.88
3652.08
4029.99
3894.62
3427.62
3002.39
6596.27
1941.4
5597.57
4252.87
5949.88
2570.38
3486.07
3271.99
6055
3908.62
4250.13
3883.91
5389.07
3761.74
4271.3
5832.45
2713.3
3703.86
5551.23
4108.63
2587.55
6715.89
3081.98
4291.23
4631.87
4075.77
3471.91
3097.35
4903.12
3023.02
3005.38
1651.66
3291.41
3954.14
2631.72
4141.51
3309.23
3309.34
6828.39
3525.34
5356.08
5468.59
5966.51
3615.6
5252.19
4848.9
4075.6
3802.54
5346.52
3644.27
4915.28
6821.34
4248.23
4759.29
7467.46
3669.34
3658.97
5482.86
3394.33
5631.25
4562.96
4152.31
4103.11
2504.12
2678.16
5429.6
5476.99
4305.41
3911.62
3299.73
4229.52
3973.98
6208.16
2134.16
3380.95
4120.49
3850.56
3462.84
2870.5
5913.36
5343.78
1751.56
7106.14
3546.61
2912.93
3327.12
3712.35
2628.11
4076.22
5213.56
5634.72
3622.31
3899.46
2508.07
3450.76
3541.17
3184.2
4340.28
4710.49
2824.46
3491.61
3720.95
3641.34
6777.75
5729.35
2344.1
3674.96
2965.73
2610.96
4294.79
2071.21
4926.33
3319.7
4688.46
3137.05
4471.77
2301.2
2781.58
3086.38
5103.34
1331.77
3083
3875.21
2138.86
4241.77
4430.2
4816.67
4596.65
3705.66
4392.99
5654.63
1930.19
5090.44
3984.75
2465.55
5457.52
6699.49
7430.95
5788.25
5375.53
6132.69
2471.1
3209.8
5644.12
4332.06
6391.56
6009.01
2736.55
7288.16
1162.9
6078.71
4138.35
2141.45
5734.86
4160.19
3565.11
5088.2
4037.11
4156.14
1742.73
3460.84
6947.38
3933.54
2305.24
3865.81
3907.49
4793.68
3247.59
3277.67
4217.6
3561.32
2072.85
4713.34
3356.61
3417.89
4834.33
2320.72
6800.44
5163.08
1963.11
2818.8
1480.44
4102.71
2804.81
4930.02
5871.01
2805.13
2535.88
2474.75
1499.03
1991.38
2146.04
4364.72
3678.48
3954.58
3892.26
2536.1
5292.69
2761.42
2461.38
2433.24
4654.02
2090.75
4027.43
3722.1
3443.2
2407.04
2151.56
2830.76
3136.67
2576.1
2371.81
2349.48
4670.14
4492.01
2534.4
2709.24
5070.05
1753.76
4223.51
2413.52
2769.24
4364.96
5762.12
4941.9
5796.88
4653.32
3998.28
4551.9
3552.4
3325.25
2264.09
2215.8
2949.12
2650.68
5294.52
5813.61
3916.9
4095.97
3157.55
3395.74
3278.2
3301.32
5090.5
4112.63
3938.43
3304.97
1161.73
3118.04
4930.52
1314.37
2248.26
2428.69
3735.14
4078.56
3318.56
3168.4
2269.62
2424.51
3078.51
5012.16
3010.85
2157.04
3634.44
2920.88
6279.73
3233
4052.64
2146.22
4186.02
3900.75
4039.01
2421.69
2493.28
1705.3
770.159
4343.41
2404.56
4237.41
2325.11
2485.31
1150.77
2705.94
1997.27
1105.06
3529.24
3931.45
2121.67
4356.1
4805.45
2494.92
1725.42
3063.25
2732.85
3802.39
4411.19
5208.7
3589.63
3354.59
2382.4
2790.6
4545.23
5198.12
2138.33
4889.23
5141.42
4952.4
5780.25
2586.09
2328.35
2660.21
3245.8
2907.06
3879.05
8371.94
3575.81
3471.89
6433.35
5193.55
6571.65
11754.7
3520.43
4860.22
3867.64
4156.74
6596.08
3621.47
4683.68
6273.85
2577.22
6834.18
5501.63
7620.53
4398.03
2532.08
5431.7
4336.88
5373.22
1796.62
4661.2
1960.43
3523.83
4080.59
4587.67
2111.08
1346.83
2848.49
4015.98
2382.98
5505.2
4416.03
2890.53
2456.56
2493.38
5126.81
3708.9
1765.72
5612.23
2193.61
4075.26
3960.94
3506.38
3652.69
2307.96
1682.11
2851.32
6835.39
2530.73
4050.5
6272.95
2565.07
2973.59
2122.48
1811.25
3356.98
2431.87
2913.55
4714.37
3204.7
2567.41
3702.28
4944.21
3966.36
2413.11
4070.9
3154.19
4393.41
2788.63
3360.22
4336.51
2900.87
3182.49
881.814
2842.04
3066.01
3724.11
2877.83
5871.22
4056.45
4286.95
2536.64
5908.17
2796.05
2862.56
2860.15
1399.85
3680.88
2918.16
4781.09
1629.76
4605.86
2238.06
2943.02
2703.59
2638.87
4016.51
1339.94
4108.44
3823.45
3581.37
3331.86
3730.06
3037.45
2520.64
3304.49
2927.04
4889.12
1087.71
3073.12
5776.8
3416.25
3159.4
3671.24
4335.11
3236.68
3442.49
3852.56
2183.32
3528.09
4706.83
3880.17
2046.41
5197.89
3385.93
5119.69
4637.51
2262.49
2553.02
3027.67
1652.2
2229.57
3056.08
2282.38
2813.3
2444.37
4940.54
1138.5
2958.09
3756.22
2220.99
2632.84
2043.85
3038.8
1933.78
1892.23
4929.88
1287.83
3329.72
2694.57
1815
2633.04
2246.87
3331.59
4678.41
1360.96
1885.55
5077.33
2861.58
2726.75
3040.55
3522.02
5921.07
2881.59
3704.32
3899.92
2862.35
3014
3063.16
2444.23
1702.86
5709.11
2804.22
5162.43
1706.22
2233.49
2344.37
3424.64
2141.92
1779.97
4914.46
1524.56
2305.81
4306.66
3546.25
2613.18
2055.1
2273.55
4556.18
5188.48
2413.36
1565.71
1790.69
1636.86
1577.04
2108.71
4147.76
2225.57
5551.13
2110.32
3402.25
3652.07
1547.36
3821.34
5027.25
8701.01
4248.71
2376.1
8108.06
4022.29
5849.2
5392.85
6287.66
2858.66
4012.5
2075.97
3737.12
5004.71
3595.28
3018.19
3498.42
8670.57
6130.6
2422.45
2359.3
6368.57
5721.22
2092.73
5766.23
3686.18
2710.38
5206.93
2625.33
3037.75
3915.49
2384.63
3221.39
2596.3
965.266
2931.97
3010.07
3159.62
2961.8
4753.89
2984.39
2560.45
4755.09
4672.59
4776.02
1364.56
2015.14
1787.96
4614.43
1249.99
2919.71
4090.61
5439.07
3152.69
2241.28
3876.34
1607.71
3047.87
2743.59
3432.12
1987.63
3804.84
2338.83
2886.68
3985.69
5698.61
4621.28
2088.22
2024.99
3290.92
2372.97
2614.16
3220.12
3735.66
3386.76
2382.34
6127.75
5510.11
2416.45
3474.49
2969.06
2190.69
5217.25
2065.9
3309.26
1405.69
3919.84
3786.22
2851.71
2573.9
3121
2098.42
2324.37
3032.42
1919.57
1331.42
2450.19
3035.55
4412.72
3192.43
4932.13
3630.39
3520.78
1989.98
3290.53
1913.68
3322.04
1547.88
2352.65
3019.73
3337.48
1748.18
2208.72
3572.19
3937.16
3380.28
4010.25
2103.82
3220.91
2574.47
2061.89
2782.82
1697.32
5085.06
2879.15
2180.81
4205.18
3710.65
1072.86
4470.53
1026.21
4114.14
2867.03
3996.12
2467.37
2085.31
1897.03
2812.18
3879.02
2837.5
2321.08
3501.74
2404.47
2317.06
4887.7
2496.21
2495.78
2030.87
5215.41
2931.2
3635.63
2108.3
1250.64
3079.26
3583.29
2485.8
1655.35
2035.99
1865.49
1138.09
5429.92
3605.42
3280.88
2699.67
3583.1
1984.27
3343.67
1562.25
3985.77
4964.1
3231.37
4352.98
1916.22
3184.62
3542.75
3109.91
4050.05
2968.07
4535.13
4389.77
1783.58
4227.57
3386.91
4702.89
1269.7
1771.52
2231.02
3561.37
2515.83
4067.06
3433.5
3622.49
2774.26
2063.38
4191.98
3739
2564.99
3301.13
3118.14
1393.86
4381.88
3045.92
5189.39
1338.31
3890.96
3160.57
3144.09
4522.47
1935.47
2428.3
4141.44
1813.07
3564.67
3154.08
3778
2870.42
3053.86
2642.08
2358.54
3586.41
2877.98
1473.57
1502.16
2462.31
1843.14
2815.72
1976.36
2456.35
1526.23
3984.88
5213.48
1770.69
3670.16
2280.06
2907.89
1943.39
5662.06
2213.17
2400.21
3057.84
4757.05
2515.99
1663.01
2197.48
2752.79
3620.88
3280.63
2394.66
2421.88
3759.08
1867.19
1912.29
2645.09
3033.47
2144.51
1311.07
2180.89
2569.96
2091.43
2237.56
3364.18
1499.26
1652.55
2915.1
3543.59
1634.88
2004.31
2075.07
2206.11
3227.25
3202.35
1285.96
2442.87
809.397
2822.21
2595.44
3288.78
1573.97
3441.61
3386.74
1182.44
5110.37
3091.66
3098.39
2786.53
2274.5
3501.46
1711.84
1453.72
3057.39
2756.25
1454.83
2967.18
4207.45
2650.15
2569
3070.08
2305.79
2525.17
1859.58
6113.07
1957.49
1895.07
2063.01
3922.31
1590.39
2638.07
1708.32
3775.69
2785.92
1963.3
1288.04
2428.89
2498.77
1444.32
2650.94
3895.4
1899.69
3800.89
1766.99
3698.75
1641.36
882.203
4106.12
1646.27
4107.31
2420.19
2678.38
1235.65
2433.13
1465.03
3213.08
1670.11
1086.99
2100.34
2594.75
1147.32
4049.88
1764.59
2443.98
1731.86
2496.69
2645.13
2545.8
2232.54
2149.99
2762.05
3566.18
1531.45
3881.28
3217.86
2059.04
2927.27
2152.05
3635.51
3134.86
3304.84
2177.15
2962.54
2143.78
3278.31
2575.81
2998.76
3578.13
1107.58
2869.02
2957.83
3577.01
2595.08
2589.17
2171.38
2961.09
3081.95
3471.61
1700.68
3701.44
2353.15
2375.18
2883.06
1525.78
1485.76
1855.31
1975.58
4706.71
4333.98
2419.13
2021.2
1011.54
1721.92
2304.66
4240.68
2924.9
1973.17
3346.42
3579.32
2341.52
1819.97
1454.83
1935.59
1244.92
2887.03
2931.12
1377.25
1453.38
3580.97
2488.82
2453.79
3555.2
2362.8
1730.32
2299.14
1844.28
2572.53
1909.12
2431.18
2150.96
2176.28
3678.85
1761.53
3120.39
2465.65
2571.87
2408.66
2109.52
2186.78
1708.17
2892.93
1707.01
3241.43
1890.48
3679.87
1805.93
2294.56
3258.47
2135.34
3553.86
2722.03
3013.97
1622.48
3463.97
2567.95
1593.97
2221.44
2244.29
2875.08
3295.17
2047.77
6239.38
2172.13
1650.86
1405.83
5083.16
1244.66
1578.68
2895.48
2931.26
3297.36
1900.36
2721.77
2936.05
3150.6
1083.85
1721.93
2547.7
1747
2977.73
2771.95
2880.7
2109.59
3063.38
3545.05
2189.85
1998.47
1739.54
2840.95
1391.65
819.601
3244.5
948.322
2218.54
2292.76
1607.62
2729.97
1813.92
2432.85
3681.35
1556.42
3454.41
1901.97
3379.41
4694.84
1796.46
3077.71
2251.14
1984.11
2544.31
1567.91
2124.67
3113.02
3654.76
1823.75
3013.22
2125.89
2112.58
2314.09
1490.51
2016.87
3683.56
2101.07
1732.04
2363.57
2121.65
2443.2
1490.53
2152.87
799.992
1369.58
1664.19
3689.14
2289.45
2740.88
1898.9
3587.23
2458.04
4465.54
3881.2
2877.8
3384.09
2241.43
1968.76
3765.32
2376.35
4354.78
3276.01
2603.09
2650.71
4087.1
3151.78
2224.6
2022.65
3126.83
1893.23
1760.78
1667.08
1573.14
3673.22
2547.54
2055.88
2505.4
1539.89
863.79
2199.32
1820.51
4128.75
2967.44
1392.37
1082.03
1022.62
1525.95
1164.69
2259.32
1790.98
1763.11
1362.38
1629.64
2948.82
4052.11
1033.09
3484.12
1931.17
1735.16
1623.02
5897.47
2837.24
2408.17
2052.23
2289.96
2452.57
4524.66
2183.56
4125.78
3418.26
2697.87
804.924
2827.08
4337.46
1370.15
1690.87
2882.49
4574.62
1506.41
3874.09
1558.49
2948.7
1578.68
2546.41
2685.66
3374.9
2507.07
3776.58
2372.38
4215.53
1811.37
2690.05
1552.91
1727.79
3828.12
3009.35
4113.87
1033.12
2655.14
1912.35
1376.35
3503.82
1847.72
1994.49
1555.7
2708.59
3949.05
2888.25
1512.09
5063.61
3926.29
1491.5
2939.74
2092.01
1227.33
2426.72
1357.12
2431.18
3105.17
3080.26
2654.09
2679.87
3422.83
1807.63
2144.43
3436.33
2666.52
2682.28
2722.88
3216.56
3225.6
2080.56
3606.41
1777.74
1946.86
2056.06
2939.56
2247.61
1697.74
2070.59
3057.2
2055.81
2252.94
2080.91
1486.67
2301.74
2938.96
1481.47
1019.55
1798.79
2341.61
2266.36
3521.13
1721.51
2175.65
2457.22
2077.78
993.091
2143.04
1614.49
1030.54
3198.87
2325.04
811.509
3126.28
1019.52
2913.46
3429.2
2084.37
4066.09
2452.93
1900.42
2326.11
2166.47
1344.49
1990.98
2035.86
3128.25
3520.91
1642.13
812.023
2230.26
1626.7
1677.44
3267.18
2014.28
1318.25
1842.72
2312.78
2559.78
1398.53
2429.67
1836.34
1294.89
2218.47
1345.1
1763.61
2344.12
2676.62
4180.41
1793.27
4678.58
4475.58
1934.63
1790.27
1717.02
2453.14
1102.05
3495.24
2166.94
3472.44
3298.35
937.902
1922.56
1422.29
3350.29
1283.08
1879.73
2370.93
1126.93
3742.03
2998.58
3007.95
2494.48
3703.81
2356.4
2396.71
1717.36
1956.69
1136.24
2054.13
2703.3
2535.88
2813.05
1831.64
3758.5
2725.4
2805.35
2013.05
2509.76
2132.53
1668.94
2361.42
1432.88
1335.5
1675.9
2636.82
3326.2
1249.28
3910.28
3204.19
3378.59
2868.1
3013.33
2603.86
2458.39
2108.25
1028.94
2631.42
3355.98
1768.98
3913.49
2861.3
2067.12
2080.79
2030.08
3384.53
1427.03
993.605
1347.67
1462.14
1141.28
3422.55
1301.69
1801.48
1989.49
1156.49
2719.15
3133.37
2582.91
1382.71
2040.67
1277.41
2942.97
2376.97
2650.77
2373.37
1387.64
2998.32
1389.05
1528.11
1648.74
1165.16
3882.23
2319.06
2314.41
3766.11
1689.78
1595.07
1966.98
1486.59
2367.07
2917.82
2348.14
2104.89
1670.24
2384.56
1266.87
2712.9
2631.61
1891.62
1373.49
2536.68
1280.94
3134.98
999.341
2165.44
2030.84
815.44
2015.42
1237.76
2149.2
6267.28
4259.3
2173.85
3061.9
1774.7
2957.56
1454.68
3231.99
1424.33
1084.29
3065.12
3601
3100.11
1237.91
2031.47
1369.29
1619.51
2528.65
1032.59
1926.36
1728.18
2326.16
1174.34
2698.78
1715.46
2433.13
5382.57
2255.48
3125.04
3435.67
1391.37
984.009
1939.1
4214.22
2065.34
2755.12
4804.52
3451.88
2849.96
2801.42
1324.96
2893.89
2559.67
1729.24
1779.55
2707.84
2798.83
2462.55
2510.95
1340.02
1808.48
1804.48
1864.3
2281.48
3524.35
926.634
1807.68
907.505
3607.16
1843.19
2209.92
1991.71
870.316
2142.18
2304.98
1883.31
3470.33
1548.41
3173.24
2257.4
930.383
1919.81
1487.26
1404.98
2678.61
2161.13
1812.82
2712.89
1142.64
1622.55
1317.27
3694.34
1240.52
2570.92
3098.04
927.386
2824.69
2187.67
1778.96
2000.01
1272.91
1309.14
1207.44
3130.83
1604.08
2704.37
1601.62
3678.45
1346.48
3056.55
1792.93
2110.8
1332.69
2206.14
2443.91
2730.36
862.172
1382.57
2059.85
1756.71
1796.57
2953
2059.41
1384.11
827.878
1239.12
2372.28
3036.97
1915.94
1289.36
4734.27
2960.35
1514.05
4446.49
2555.18
2251.8
2571.09
1640.23
2606.38
2528.47
1770.47
3442.39
1038.91
1264.96
2447.97
5738
1591.71
1546.98
1143.97
3277.19
2401.01
2210.83
1415.92
2548.5
3181.55
1588.92
1347.13
3213.31
2492.06
1410.58
2098.13
2369.86
3313.57
1686.96
4047.44
3336.75
2736.15
2116.47
1514.29
1208.11
1803.91
2866.88
2254.37
2245.48
1999.13
1883.77
2608.44
1635.23
1866.75
2052.81
2929.45
2060.06
2659.46
2739.23
954.22
1927.83
2688.48
2146.91
1664.46
1039.85
3204.66
2332.59
2120.16
1439.78
2071.65
2229.55
997.825
2785.4
1574.97
835.279
2401.8
1401.38
1632.83
1561.48
1244.36
873.316
1842.54
3860.64
2655.39
3195.67
2252.8
1554.12
1184.26
1150.87
1572.42
856.838
1877.91
2311.58
2530.38
6593.54
1437.48
2367.96
2932.02
2853.08
2989.82
2025.99
3050.49
3382.24
1478.42
1155.61
1375.2
2524.21
2595.31
1989
1681.78
1277.83
977.13
2012.79
1319.32
1761.23
2243.49
1815.06
2111.14
2088.18
1477.65
1460.84
2148.13
2064.41
1716.14
3346.58
2696.26
2023.96
2592.65
2080.96
2742.04
1222.53
2068.56
1535.68
2086.1
2232.04
2587.17
1253.86
1480.81
1602.23
2735.75
3019.39
1388.21
1045.05
3565.93
2181.21
2677.14
1750.97
1879.69
2408.6
2252.34
1050.97
2041.89
2728.98
1998.51
4330.63
1482.99
1764.97
937.642
1374.6
2432.16
1682.64
901.599
1787.75
1550.88
2100.89
1419.26
795.31
2077.6
1441.6
779.61
1196.2
778.78
2843.78
2135.96
1784.65
2774.07
1356.35
3285.25
2125.65
3516.08
1423.6
2486.72
2066.55
1730.66
828.041
1624.54
2362.41
2146.16
2678.83
1698.42
1804.73
2672.08
3169.89
1307.01
2873.76
2293.21
1618.88
2015.55
2575.29
1931.21
2423.94
2550.53
1491.43
2362.89
1283.86
984.603
1343.73
2201.67
1812.75
2664.8
1772.62
790.714
1240.2
1187.82
3014.18
3369.84
1648
2162.87
1116.25
3579.8
1806.22
2489.97
2305.2
3333.85
2953.3
1141.3
1501.2
2605.6
970.987
2745.8
3292.59
1215.64
2004.65
1086.5
1036.88
1275.47
1515.27
1547.19
1320.28
1249.66
1141.79
2260.57
929.382
1584.22
802.787
1171.18
2696.11
1312.21
1417.14
2432.22
1280.54
2241.52
1800.57
2150.79
2068.06
1731.12
1182.38
1287.7
1559.29
2342.02
1288.13
1974.86
990.595
2385.79
1626.91
791.534
3149.93
1633.28
2211.92
2045.74
3046.34
1757.65
1779.21
2340.66
1773.68
2401.23
1068.13
1074.75
1588.44
2884.26
2035.25
1468.38
2841.18
1423.3
2124.85
2015.21
1745.54
2304.81
931.295
3063.01
1991.35
1191.86
1790.15
1804.61
2307.54
901.266
1026.45
1216.54
1163.74
3112.27
2256.82
1241.93
2712.46
1322.12
1371.29
1164.6
1872.31
1961.31
1817.79
789.596
1645.38
1296.39
850.741
3510.61
1079.48
2471.01
900.248
2425.09
1589.82
2141.7
1526.31
1816.17
1673.62
1562.68
2102.34
866.478
1177.78
1721.83
2926.62
1731.15
1306.86
1232.75
1221.36
1997.67
1928.62
1208.76
2698.58
2603.44
1409.91
1744.17
1537.76
1397.41
1248.42
2063.4
1851.65
2317.31
1079.23
2981.68
1787.86
1884.53
1532.03
1129.75
2476.37
1845.01
1720.36
1034.66
1268.53
1279.17
1442.64
1835.84
2077.14
958.659
1867.37
1306.51
1320.89
992.711
1939.28
1565.27
1780.19
2396.39
1409.98
1703.78
1329.89
1819.17
987.783
2512.51
1214.32
1122.75
1539.39
1213.24
1172.23
2349.89
1620.79
1889.44
1092.26
2574.16
2077.25
1201.79
2485.67
2106.46
858.842
2216.88
1030.03
2840.07
2806.04
899.316
1077.43
1889.43
1948.29
2391.42
917.233
1396.03
1651
1552.7
1252.7
3036.02
1915.45
2064.07
1814.92
1865.88
1767.54
2795.63
921.924
1138.18
931.99
1896.63
873.585
1101.48
3375.23
1816.59
4517.66
1939.11
1089.6
1540.81
1480.16
941.967
2271.23
1786.63
1245.57
2215.51
1683.05
2768.59
956.335
2484.49
1489.69
1619.36
948.651
877.002
778.885
821.873
1109.59
798.371
930.422
1290.24
1774.07
1908.02
1765.13
1850.25
1647.09
1927.4
1085.82
1165.98
830.84
1114.77
786.317
920.874
1613.05
2170.65
1189.47
2222.92
2502.07
1012.6
1733.49
1690.69
1665.24
1313.89
2583.93
1464.93
1468.51
2935.11
2872.47
1670.83
2078.64
812.226
841.908
1010.85
822.049
1142.21
1040.36
2669.25
1892.28
1189.09
1340.62
1081.33
2218.06
894.539
3439.44
1909.34
2621.95
1873.98
2687.02
1145.8
857.446
1237.71
1267.17
2615.93
1265.64
1856.2
3305.76
1419.66
1868.73
2159.12
2065.09
1227.34
1269.85
1364.1
1049.31
900.316
1849.96
1872.69
1079.69
1152.55
1656.36
1561.26
2596.13
1646.51
2582.31
1167.63
1245.26
1959.66
1784.36
1879.46
2480.65
3604.04
1915.63
3015.54
2162.82
2744.17
2328.54
3591.15
1970.08
1219.05
1225.1
1051
778.015
1703.65
1348.45
1356.07
1930.73
2001.7
2832.9
1870.54
3613.74
2474.85
2662.88
2518.49
1372.17
2084.76
2680.76
1331.21
1041.19
2351.62
1114.84
1052.48
1515.91
1212.28
1073.33
1656
1183.12
1075.7
1542.86
1614.74
1179.78
1415.95
1703.03
923.809
2120.44
2208.84
2435.57
2879.68
1878.04
1338.16
2890.5
1742.42
2295.93
1922.22
2044.58
822.007
1206.65
2042.52
2512.35
895.68
1879.13
1460.34
1267.51
1362.11
1085.68
1200.86
2347.69
2000.9
1276.48
3430.5
1508.14
2181.61
1315.3
1507.74
1575.2
1821.28
2149.91
1656.75
1718.42
2045.53
922.783
1952.88
2149.09
1858.91
1009.49
1353.6
951.513
1238.97
2431.38
1703.99
2692.91
2801.67
1678.92
3040.89
1676.64
1064.84
1333.18
2973.5
2353.7
2672.33
1663.67
1088.12
1385.89
1789.19
1319.85
1520.09
1407.76
1036.48
1549.48
1124.84
1417.18
802.519
2089.49
1203.28
1753.95
1628.05
1511.03
1658.41
2035.21
1708.81
2033.99
2624.66
2629.89
2866.83
835.623
1010.66
1813.06
3004.67
1015.21
806.134
1176.39
1313.33
794.344
1107.67
1382.23
2274.84
792.047
837.806
1579.4
1683.22
801.68
1335.64
2359.55
1715.92
1136.74
2319.71
4206.91
1155.08
1078.83
1279.93
1950.32
1947.36
1136.98
3299.9
1593.71
2401.84
2747.26
1434.66
1066.7
3944.72
2565.13
2293.42
1517.04
1796
1049.57
1474.77
1809.76
2154.27
1261.27
1773.64
1215.18
2674.91
2672.47
1050.19
2781.98
2226
878.166
2976.38
1278.16
2056.28
1251.27
3067.11
801.449
1868.15
1318.67
866.188
2265.08
981.27
3621.6
3250.56
2042.04
1868.18
1224.46
989.188
1881.55
828.268
1933.92
812.213
1056.3
1998.82
1794.71
1862.66
1913.31
1375.84
802.741
2048.2
1927.07
2004.56
803.048
895.516
1383.61
3839.26
1389.98
1390.64
1369.89
1517.48
1025.54
2426.65
1640.51
1748
984.363
1259.44
3065.79
1145.84
2327.17
2668.04
988.436
1891.53
1184.58
1312.97
1528.79
1830.16
1689.16
2156.58
2045.12
1153.98
1899.36
1460.78
2390.97
2079.07
1215.42
2446.91
1940.89
1159.03
1278.8
1818.88
949.946
2268
2428.45
1185.11
1179.8
1252.68
3119.88
929.838
970.411
1309.35
894.761
2025.47
1818.43
2571.56
1729.08
3383.39
1060.07
951.295
1394.45
1598.95
2052.91
1975.77
1730.1
1093.49
955.661
1070.81
793.469
1024.46
1742.18
780.611
1650.36
3380.91
1097.62
1091.05
2158.58
927.914
3392.46
1214.69
2262.55
2038.39
1192.62
1621.17
1871.63
1956.51
1623.19
1544.23
949.19
1384.29
2084.19
2780.55
802.027
2272.46
1942.04
4021.45
1455.54
2290.12
935.695
2376.09
2340.26
1097.41
1762.87
1560.33
905.667
2628.3
887.187
1460.54
1438.81
1130.12
1265.88
895.227
967.124
3048.21
1277.93
899.561
1010.16
1915.84
2084.28
2307.18
1852.86
1848.95
1869.17
1700.71
2634.38
1698.88
974.603
932.996
1646.74
1681.79
1911.44
2866.52
1745.24
1409.58
1832.76
964.199
805.957
874.395
1287.46
1892.04
1283.33
1440.87
986.03
1326.43
3085.25
1343.2
5083.05
1844.9
1573.73
2392.06
1168.54
1568.82
1498.71
3358.63
1381.23
2280.26
2191.17
1317.05
831.566
2330.44
2310.58
1127.65
1323.94
1829.12
1919.73
1208.69
1312.47
2579.45
1297.31
1194.9
1142.19
2271.79
2152.39
1673.93
1036.8
839.94
1455.43
856.178
1596.05
841.868
2536.24
1078.53
1384.99
1139.73
1057.45
1172.63
1310.75
1040.05
1327.96
1798.37
2985.83
1763.49
962.598
1529.91
1160.69
801.9
2212.66
2430.95
1274.43
1375.16
1361.74
1870.14
2642.48
795.698
2187.77
1947.57
2098.37
1014.58
1965.2
1748.65
1064.92
1396.55
1303.66
2109.92
2187.8
2115.06
1679.15
1317.02
1424.03
1137.29
2151.62
1091.14
993.423
937.643
2008.2
1233.56
1879.29
1289.14
1649.47
1730.71
2449.29
826.431
892.515
1855.16
1383
1307.8
1207.87
1685.76
1580.89
1016.39
2425.29
2132.47
1728.88
2448.06
984.145
1647.35
1265.4
937.628
1171.75
1898.21
1037.55
1909.13
1535.27
1542.17
2093.06
1481.53
2189.31
1619.61
1268.45
2200.8
1929.67
1743.18
1545.28
921.567
1461.91
1595.38
1941.25
1889.49
1867.68
2220.63
855.306
1054.53
1129.91
1636.72
863.742
1314.59
2706.48
1549.09
1244.51
2922.99
1988.57
800.222
2518.93
1246.78
1466.02
1401.43
2313.49
1025.52
1153.15
1025.6
1157.15
1688.12
1642.79
1833.11
1822.49
2607.85
2512.53
1154.92
1872.92
1096.14
3405.19
1560.84
1021.71
2024.63
1898.69
1688.46
918.256
1674.94
1274.47
3066.57
1941.89
1357.66
1451.81
984.591
1373.17
1771.97
1802.55
2653.38
1717.58
940.667
1595.29
1199.46
1313.28
815.73
3319.58
1528.47
1320.97
1737.41
2708.11
2614.62
949.651
2058.86
1594.2
2848.15
1073.83
987.652
2247.63
2590.3
1542.51
2874.84
978.012
1715.87
904.183
1929.25
2229.25
2663.2
802.019
2501.61
2482.63
3336.4
798.366
1361.17
1603.02
2531.95
2700.94
970.486
1643.66
1932.85
1315.6
2338.7
1248.86
1177.12
1115.57
2518.52
2261.14
1425.99
1958.75
1011.89
1783.79
1905.7
1270.69
2424.3
963.404
1774.25
1160.92
815.079
2374.58
1843.43
1178.5
1727.36
2002.85
952.526
2013.99
1125.02
1705.07
1558.52
1209.59
1187.02
1502.44
1757.67
1535.78
1893.55
3506.76
1916.76
1534.01
2514.88
1532.93
1030.12
1728.94
1278.67
1578.66
1246.52
1917.42
1975.81
3023.26
1566.54
1285.87
1031.05
1276.57
2203.18
1933.14
1573.71
2671.93
1888.72
1551.72
1032.44
806.204
844.5
1309.89
1359.3
1075.11
1429.94
968.113
930.383
780.298
1302.41
2884.98
1304.76
1141.86
1083.52
1562.25
1202.84
994.627
2056.97
925.877
1397.16
2411.49
920.332
893.099
1471.92
1002.66
2473.91
962.248
808.975
2147.49
800.284
1018.08
2010.66
1336.18
849.105
1720.87
1499.3
1528.27
2031.45
1226.88
1266.36
1454.82
3536.09
1582.86
802.461
1225.74
1748.28
2388.12
1514.19
1093.74
786.078
1409.74
1296.41
2295.24
2093.87
980.106
1367.31
918.83
936.588
1196.74
2730.51
1043.15
1612.05
1363.12
1123.77
1146.12
2421.17
3440.27
2316.47
1154.26
1488.88
944.39
1030.44
1562.5
1016.57
4251.28
1535.51
1612.4
1884.06
1020.12
1261.43
1557.39
2170.78
1062.12
1307.01
1248.7
2543.83
2016.02
1860.48
1774.33
1433.88
963.257
1167.63
1019.73
1126.91
890.432
2014.18
1905.55
1699.04
1407.29
1824.87
2440.59
2948.41
939.226
1204.46
1037.09
2257.82
818.555
1291.73
1853.01
2683.77
963.639
794.206
2847.95
1775.93
1819.61
1269.46
1066.04
814.465
781.283
1309.14
1417.05
1707.45
3087.41
812.66
1199.12
1260.36
1265.72
2711.36
1607.19
2550.9
1721.01
1328
3951.12
806.92
1740.5
802.699
843.355
1254.24
1417.3
1788.87
2146.93
1687.3
1509.72
2333.99
1546.21
1574.6
1150.73
3085.39
997.673
1011.2
1749.56
1333.09
1663.74
1027.81
2412.4
1373.15
2612.23
1224.3
802.106
1457.62
2111.33
1597.62
1930.2
2166.94
1899.17
895.912
1800.47
829.155
3182.99
1482.84
3234.04
2843.6
1145.05
1670.14
804.72
1494.08
933.237
808.049
1590.87
1634.65
1049.49
1835.49
2047.3
1124.44
1499.07
1110.24
1570.9
901.692
1810.41
1377.41
1136.03
1833.62
2196.61
871.939
2733.32
810.011
2060.43
1578.24
2630.08
820.019
1661.22
836.991
1923.83
1825.6
2291.19
817.952
1405.02
1694.21
902.574
1665.26
1974.4
1017.22
1055.68
1306.18
2057.79
807.505
1318.93
2977.67
1482.74
822.043
1972.34
810.872
1159.1
1616.22
1493.92
1241.48
844.3
1514.07
985.862
1896.71
1512.58
807.971
1378.41
1748.49
1250.76
959.383
1318.83
1343.5
2394.86
1836.28
1048.68
893.54
1401.96
957.208
952.525
1706.73
1831.42
1975.86
1200.44
2052.39
1383.32
899.123
1571.14
2028.71
1388.35
1288.63
898.65
1432.01
2001.26
2480.91
2493.8
1715.88
1855.47
1081.18
1209.3
1131.46
1710.71
1506.01
947.407
1303.87
1005.39
2393.78
1778.29
1098.46
802.077
1311.14
801.668
1578.4
959.382
1237.41
1211.14
844.996
1325.42
837.318
1138.25
1409.36
1203.84
1054.75
2284.93
2486.32
1017.05
1270.51
1459.79
820.8
2349.8
968.711
2650.71
1102.29
1518.98
920.378
2999.91
1141.58
810.616
2059.91
1692.06
1338.41
1513.05
2499.68
1832.28
1359.12
1154.7
820.571
888.14
1147.69
1400.85
950.642
1249.01
1236.2
1785.76
997.414
1322.55
2671.28
1187.8
2469.02
811.793
1327.18
849.498
1436.94
1046.2
1947.67
1505.03
2399.27
1145.53
1097.87
1492.7
1061.71
1317.12
1673.92
1036.6
2284.76
3011.8
3148.91
1871.17
1490.09
1310.37
1237.21
1255.96
2356.21
1641.24
814.98
1233.55
1103.68
822.187
2236.42
1916.62
964.461
1238.21
829.627
1787.35
2672.68
866.582
896.102
1098.99
1335.23
1645.17
883.914
827.376
1328.54
1093.07
1540.87
865.813
2164.05
1290.72
844.698
1282.54
1650.78
1536.63
1084.51
808.303
1839.31
910.607
812.166
928.413
2545.27
938.645
1244.8
1319.62
1029.93
852.917
1114.51
2280.79
3409.12
1257.23
1694.96
2359.47
1956.2
1737.73
2301.94
1142.56
2029.42
1222.16
2039.37
2330.15
989.74
1473.71
1283.8
1492.46
1744.58
1643.79
1058.8
832.65
791.072
1078.81
1022.66
1956.58
868.863
869.936
974.385
857.677
1728.07
2291.27
3817.68
1372.47
855.372
1571.4
2015.95
3419.16
1190.39
1331.27
2136.08
1087.43
892.06
802.855
2402.79
1327.61
1807.92
1303.02
1061.98
2037.75
3182.75
1247.72
918.146
1000.97
1123.4
1777.39
1703.12
2472.67
1246.41
1505
812.149
1221.68
2394.14
1358.07
936.146
2709.09
2344.51
2622.76
1950.75
1233.97
1834.5
1542.42
1442.96
814.082
1143.46
1009.01
1788.75
1935.01
1022.33
2913.71
1937.62
3010.61
2228.77
2187.07
1192.18
1896.62
989.88
1115.14
1284.04
1459.82
1351.05
946.129
2275.06
1206.94
1676.26
1120.26
1825.9
901.16
1507.94
2458.99
922.069
1361.13
2330.74
1601.95
1728.94
1421.33
1412.16
1162.18
1765.42
1459.34
1356.09
1369.21
1667.11
1362.25
2351.34
1888.35
1576.11
1255.62
1461.09
1416.99
2706.85
1910.14
1147.94
1744.9
1415.22
2571.35
1709.27
1879.76
931.885
2370.81
1252.68
1006.17
2966.87
991.393
1876.31
2116.92
1432.92
1601.74
2954.58
1497.61
1272.98
1914.52
1920.05
1608.99
853.147
909.751
1258.86
1256.35
859.146
1408.01
1052.24
1667.09
1035.86
1756.07
1106.63
858.394
1854.56
2056.38
1770.6
1641.75
836.194
2103.5
1114.37
944.67
980.688
1964.84
1090.98
886.39
1196.08
1213.29
804.388
1196.15
1363.44
1946.63
1235.42
825.747
1156
1652.93
2281.33
1988.77
1919.75
1253.76
938.506
953.042
1445.26
1109.77
1273.5
826.551
2046.01
927.36
811.303
2736.23
1642.01
1459.78
878.548
845.544
2586.83
2026.08
1698.6
1801.78
1073.71
1143.09
1201.41
810.931
1520.96
2142.47
1772.12
992.551
1610.85
1986.69
1445.78
1171.69
1700.4
3720.05
1790.29
1730.16
1035.89
1906.66
1192.82
969.47
2025.76
1906.21
1488.54
1632.19
971.784
911.774
1349.91
1240.25
1777.34
901.075
1513.4
1245.91
810.855
868.173
976.474
885.598
1844.56
2228.3
1640.41
1357.98
1450.26
2317.15
2362.62
1004.17
1196.59
2460
981.568
2741.82
1388.74
2330.22
1170.51
1204.98
865.291
1331.9
852.312
1943.86
1024.31
971.652
1348.16
1228.88
1244.66
1775.66
1012.03
2126.88
1950.96
855.798
3190.01
2623.44
1766.66
989.236
2053.61
1735.45
838.028
887.991
1279.6
820.099
1269.86
1815.68
2216.31
1042.4
908.89
2665.69
1572.14
1002.8
1219.73
1756.95
1863.19
1396.95
1317.44
924.443
2008.58
1599.01
1148.1
1046.63
1519.16
2706.22
1000.17
1171.37
1340.12
1251.03
813.636
1229.38
1567.45
1293.52
903.755
1546.2
1157
