876.286
1212.51
1636.86
2856.65
3683.49
4624.2
5608.48
3827.4
4018.16
4079.34
4220.45
5046.12
4581.93
5332.12
5313.21
6176.57
6366.72
6665.86
6803.71
6935.24
7777.94
7875.26
8402.27
8410.6
11272.5
18389.2
18680.7
18777
19891.2
22521.7
21562
23406.7
24969.6
23381.4
25097.6
25386
24082.5
25361.4
26002.3
28907.8
30074.3
28342.5
28445.8
30036.1
29379.8
31808.7
33193.4
32278.6
31570.1
31820.7
31915.9
35801
35453.6
35729.1
38855.6
36210.5
30570.2
23901.9
24609.1
25714.7
26762.2
26668.5
26085.4
29062.2
28312.6
29560.9
28470.6
28061.9
29704
30510
30096
31229.4
30528.3
29762.5
31975.5
31932.3
33362.7
34960.8
47877.4
43532.5
44640.9
41124.2
45995.2
46055.1
46418.3
47511.8
49636.7
55361.2
53463
56648.2
57168.9
55341.7
59768.3
57066.2
57566.9
61618.9
56439.9
59155.8
63971.4
60864.9
65427.9
61809.8
58515.7
61703.2
61148
61905.4
65410.7
65916.5
61715.7
67843.9
62101.3
66980.8
67599.7
67911.2
72490.5
68678.1
70167.1
70677.3
69927.1
70530.3
73207
72205.1
73498.7
69094.8
79920.6
70436.8
69709.5
80576.2
82257.6
80421.1
73340.6
73069.9
76360.1
74364
79477.7
78166.7
76009.3
75119.4
78795.8
77545.4
82177.8
92485.7
90698.2
90018.8
94452.7
92642
93748.3
88719.2
92627.4
83620.9
81401.4
83668.6
80982.5
82763.6
85855.5
87930.2
85511
84029.3
88003.3
85765.5
87321.8
88110
91292.9
93938.4
92606.2
88632.8
79684.6
83633.3
91020.2
98248.7
94330.1
91784.6
95819.4
96594.6
96562.2
91560.7
91564.6
91935.7
97271
94706.9
95938.6
98215.4
94756.4
98059.6
105500
90237.6
89762.5
98871.2
99634.5
100426
100912
98856.9
99055.2
103462
97632.8
102754
95427.8
97111.7
101702
108142
103391
101987
105401
103104
100762
110734
98801.2
92650.1
103517
86740.9
85373.5
90390.5
90337.8
86505
83067.6
90840.4
94042.3
88388.1
87942.4
90438.9
88183.3
89376.5
91726.8
87997.9
89615
85037.4
92966.7
86315.7
85437.9
91294.6
93343.3
97729.4
93154.8
95636.1
106531
98510.6
110079
105769
116886
111179
108462
107145
94642.9
102703
99965.3
105918
104540
100120
98275.1
99845.3
99203.9
105177
102663
100267
101886
108339
108397
101004
109236
111323
102371
104866
110038
102433
105643
106105
110527
112756
101730
102729
100784
109289
115709
113211
109111
114751
112465
113844
111672
106702
113694
107935
110670
114644
117639
105488
118748
120478
106846
113343
119106
112941
111370
115826
113800
112063
107727
119596
122716
118339
115574
114396
123532
112775
122844
115319
129716
119479
121165
115903
110282
116535
115879
108626
122710
119606
121676
120496
127719
118180
112104
118142
118663
121670
115800
121125
119746
118794
120580
119239
122079
119301
119957
118233
119364
110105
121082
111578
129289
134038
130414
136878
134959
151415
125465
136832
135509
125484
131448
136554
139433
130481
136530
125938
147465
130415
131456
139101
127318
136336
124408
147333
138180
140651
140301
129146
133604
139423
133393
152452
140769
137135
134294
132570
125495
139316
139219
139837
140754
135730
133706
140120
136996
128902
131636
129241
133614
141254
121272
123076
122963
136424
123776
126059
125046
147121
136770
138409
127960
151234
142367
139925
128442
123262
123952
141034
132297
145806
129930
144863
136644
141274
130625
138255
132822
135642
122376
137687
131741
133996
142228
134691
123878
134328
139785
133515
136536
145133
132602
137617
125474
151105
146019
151607
152539
141542
155525
147038
142406
149323
155504
122448
148563
145917
144440
131456
131438
151158
146134
139110
152879
166752
166098
151409
143115
134102
153724
133032
151659
140328
152750
118549
145059
166450
158652
152196
146946
164871
137331
138007
146392
144184
151814
166633
144158
154273
138954
158059
165857
166677
150043
154111
154126
155982
150671
147099
154605
150780
163310
159814
148537
132830
154609
164319
159819
154938
144528
156795
122875
145139
150359
156319
150727
151462
161252
159304
160184
132609
154719
149189
149764
148136
145394
168735
156940
179151
146109
140414
121766
148139
158642
165255
141691
142635
165001
161613
158573
167768
166548
143184
159506
151950
121683
142377
135542
134696
124367
137222
153200
124793
134479
137310
159277
136263
140681
139085
138613
137632
139416
152911
139287
131344
148728
141106
138664
141331
136535
141041
144593
138917
143967
139051
137424
136397
148038
149560
142445
138946
130277
134348
140312
147115
124467
125760
139057
145760
148254
150260
150410
139901
135560
121900
152745
136197
139324
136152
133391
129063
141482
141010
128825
144124
140685
132537
124966
130791
149661
145190
136043
143603
139710
163450
150750
140455
144556
120812
146668
120977
124836
124327
143104
155726
154281
132654
153157
155990
143334
168919
160584
143751
163608
155011
166278
144383
146471
143682
155931
165067
146440
159732
143091
149163
150920
146451
151459
164369
135089
154721
168200
153033
145649
160184
165176
137634
144349
154707
160263
140604
150037
152327
144468
145323
169251
170818
162187
117780
136866
140805
155749
154799
149854
146434
150096
158480
140454
166714
154718
150843
125173
153699
161688
154929
129289
145074
149213
136154
147387
147680
141907
155264
156078
150166
123761
156514
166235
137051
164674
150048
159426
159443
161375
162078
165004
172517
146535
153418
152163
166712
141595
156502
170111
147596
149401
144210
136361
131677
144275
141613
155520
148832
152926
155341
155108
151548
138306
148725
172696
136989
159754
146511
146539
155082
154888
125469
149958
147308
147617
158074
135565
154539
153450
162544
149532
156419
137362
135805
146939
125431
130344
128857
128479
123845
127687
141446
135396
118274
127589
132595
132003
125861
141277
128979
114732
117163
118664
134423
123735
139538
145932
133758
145025
139317
144985
142881
135912
143666
133350
128028
130978
123427
133744
136916
105890
140247
134751
141365
131738
142903
127779
129325
137603
135935
141881
145443
139903
129862
128448
146261
136809
120424
129831
130096
128854
122808
135579
128416
114532
132895
145612
125845
132514
117809
109030
106341
128617
131521
113878
124810
129570
138850
122414
146727
127169
129386
157697
137885
159579
140813
119176
155004
132640
132847
145728
151126
151604
116065
123248
154966
153973
133641
154508
135997
150105
119038
127303
113943
128504
119899
121266
115473
134540
128952
124146
140725
126321
119443
131076
124943
117196
121679
122477
125151
150432
120137
132175
125152
129287
117325
125632
126451
111311
107257
124040
137569
131282
110402
124527
105805
81518.5
120333
140406
135113
115419
115709
132029
113200
143177
99110
115172
135343
126392
130862
122457
112881
132895
130341
134621
130238
103327
138292
113594
114070
104423
114944
114932
121235
119733
98971.8
123568
115576
125249
121175
114837
112607
123523
113664
129123
117130
117606
121372
119979
124548
110225
115397
123512
120721
142751
131186
114301
115331
132935
137953
118622
116021
132915
118118
126815
118999
114313
127302
136919
123401
121819
116218
127518
115563
120683
97907.3
118527
112202
125559
111592
115784
109173
113332
128619
110449
131957
104536
123203
111364
102967
107652
115460
124405
104853
114005
130945
122854
127048
94420.9
96467
109306
112596
115000
117557
120302
124051
102308
128211
107749
110098
109489
112005
111827
122191
109411
120947
100905
112256
106529
118216
121469
113062
100882
102808
109276
99898
115597
108865
107128
106108
92348.4
98553.4
110839
110867
104336
95118.2
114150
102541
123949
107104
123418
123390
103516
112911
102158
108968
116825
113417
120601
118250
112503
116335
108079
125842
101050
93066.6
112202
103978
99004.8
121676
123519
106594
89232.3
93202.8
112446
119511
86573.2
114999
92017.9
122288
97045.1
100875
101546
103946
107545
104473
117711
108120
124298
120879
109709
120979
100277
108454
94496.8
118562
85859.9
116787
94868.1
87358.4
109231
96587.4
115131
115953
112463
107128
111462
113145
102068
83529.3
92102.9
86740.5
120736
89218.7
103593
105625
119401
109026
99342.3
104892
100243
99083
118451
105385
106712
105622
93760.8
79751.3
100813
83046.5
92327.2
115626
98034.5
88649.1
95103.2
128481
112810
96030.5
99981.3
113084
100215
97268
93981.7
101219
107945
104453
93610
111792
101179
82787.3
102150
106870
121690
103335
108506
86476.1
92217.6
93540.2
94852.1
108427
89504.5
82141.2
107427
100806
95651.3
93138.1
114017
96120.3
98728.1
94667.2
97553.6
100203
98506.9
76647.4
121371
85013.6
98329.3
87833.8
110680
113892
105495
97849.3
114416
104793
113141
97561.3
91491.9
101338
117416
111187
93505.8
90913
100158
106950
84777.1
100706
101816
110323
86766
73862.7
89087
88856.2
79429.5
106650
108087
90767.1
95226.8
107978
84924.1
92486.1
98411.5
100224
94359.3
101357
95349.6
92586.1
84155.6
92145.4
86040.4
96570.8
90017.1
89337.1
101230
78784.6
84084.4
104810
95320.7
101029
76470.1
87539.8
81451.7
88584
76650
87801.5
100849
94644.7
85570.3
110628
89392.6
92201.8
97252.2
102314
96727.9
97461.7
91419.4
90665
98770.5
101422
82468.3
85078.5
92059.8
75687.7
108386
98694.7
104156
93546.2
77146.6
92941.3
85292.3
84216.9
101349
93612.6
108246
101982
79244.1
88161.3
92079.7
90719.1
107520
102170
91582.9
108278
97909.1
82342.8
72691.4
93394.3
83201.2
96434.8
96221.1
88623.1
102268
91607.7
86400.8
91551.7
86856.3
87650.1
80121.8
99131.5
92312
103086
87230.3
105601
101766
89885.8
95114.4
80553.2
78431.5
81287.6
91492.4
92781.2
91431.6
102638
82517.9
86382
68371.1
88571.5
82077.4
82395.8
85903.5
73177.3
82712.3
110946
95290.2
94742.8
82167.5
94962.5
87888.3
86481.2
82215.2
88709
74524.8
77907.1
84024.8
90057.2
99366.7
91135.8
89277.5
88825
75433.1
69994.6
70343.2
82644.6
80210.1
81205
89474
101932
81749.3
86942.3
76269.2
89659.5
84527.6
93208.3
75914
103604
101771
88079.5
85587.7
92472.9
83529.4
80577.4
78584.1
80106.8
81566.1
82871.4
89007
77833.1
83405
84772.7
73394
77407.1
71049.4
88175.4
87758.4
78263.8
89973.7
87760.1
78686.4
84717.9
62002.1
69620.1
69988.2
80657.1
86363.7
75389
70723.5
80448.9
84466.4
86549.1
73661.5
88420.5
81439.3
97945
81945.7
70944.7
61056.8
72302.5
86792.8
81105.2
80215.1
100106
70480.8
84732.6
96056.2
72339.2
74607.4
66051.8
79053.6
87937.2
88486.5
63446.2
98003.1
72574.2
86366.2
72459.3
77973.7
98699.9
88544.5
62530.9
84192
72810.8
89856.8
67823.6
82015
64712.2
69346
83968.5
64676.5
77213.9
73958.3
84016.8
76123.8
80841.6
88732.6
66769.6
82893.1
86800.2
73444
72405.4
75525.4
61403.8
76324
74061.9
56036.8
78010.7
70694.6
80579.7
88912.4
74113.4
89407
64642.8
72983.1
80817.3
77231.3
88235.6
80703.3
73489.7
69592.8
81895.2
77615.3
77437.8
58484.6
84369.9
76206.4
81392.5
83095
79425.1
77447.2
75418.2
66991.9
77164.1
85905.4
80857.1
66307
71955.9
76510.7
86335.6
93399.8
82770.9
66022.4
76734.3
67165.3
73785.5
68857
82899.1
66293.1
69309.9
70542.7
68153.2
83417.2
85129.3
68742.8
59311.6
72880.7
55825.2
66221.9
79966
67465.6
73885.9
59230.7
54184
71045.6
71547.9
89499.6
56908.9
58304.1
65147.4
61384.2
63135.1
81704.3
66206.5
57159.1
82935.1
70954.9
65041.8
72656.7
83075.6
83301.4
63512.5
63658.3
65966.8
62449.6
67346.3
72258.4
73110
84795.6
70123.2
80383.6
80845.5
76150.3
54364.1
75618.7
58825.3
71114.6
59182.1
76746.9
53787.7
70212.6
56159.8
51010.1
59196.6
68373.4
58132.4
57533.3
61444.3
56032.1
75485.9
62943.7
57064
71673.4
71535.8
64862.5
62898
54123.5
80153.5
45562.4
75364.8
72517.6
74052.1
62906.9
66207.6
72852.7
57885.9
64942.2
73844
47154.1
52128.3
67093.5
73369.8
65181.8
56793.1
72932.8
59981.9
61031.3
77343.7
69676.4
68100.2
76522.8
78664.8
69607.7
62063.5
74567.7
80614.8
62219.9
70127.7
75839.7
74225.7
62844.4
61607.1
56843.8
57125.7
51717.5
67113.5
62695.9
53481.2
56258.2
69930.9
58772.7
60122.5
72007.8
55173.3
50084
59077.1
58001.9
65816.4
70806
68019.3
63748.3
59006.5
56558.9
63185.4
69970.8
68881.3
53115.8
69020.8
62417.3
63839
67934.7
62596.7
79325.4
57736.3
61304.7
50909.5
78901.3
68103.8
56809.1
71577.5
63182.1
60264.1
55101.6
49676.9
48462.4
51249.4
68084.6
62149.2
57576.1
73617.3
63848.6
66854.1
65235.2
48891.7
58275.6
62652.3
52837.4
67961.9
55277.8
49409.1
48634.7
65470.3
53894
69589
76382.4
56416.1
71142.3
59456.5
63361.7
55472.8
70062.6
58610.8
70941.9
63321.5
63612.7
45599.9
74672.3
72844.1
50084.1
57316.6
47744.8
52260.5
52394.1
54576.1
64841
43099.5
62354.3
61669.6
65027.7
49353.2
51021.8
52446
60715.6
69924.1
53190.3
46480.2
59094.9
52102.8
58127.8
63480.4
70099.6
56412.8
46458.5
47798
42479.2
71755.8
56541.4
55997.5
57472.3
38561.6
51763.7
48404
72820.5
51203
76908
61295.3
57710.9
49444.9
49964.1
58656
64861.5
68410.3
49005.3
62248.4
44904.8
52248.9
72353.2
58216.4
64971
61959.4
53985
51829.7
49083.7
63683.6
57719.1
63489
53574.4
50891.1
72618.8
46807.3
61568.9
55030.9
46935
45236.5
57871.5
41898.2
62732
48988.6
54057.3
64011.8
64956.4
56877.2
49691.2
61551.4
83180.2
42823.3
41874.1
58783.8
47453.4
55434.3
55189.2
49156
40495.5
45548.2
49978.8
48411.6
46137.5
50805.9
41578.6
47922.1
49031.7
54862
52777.3
49365.2
39350.7
53505.4
56380.3
51790.2
51083.3
61032.3
46724.2
41397.6
45785
53851.6
46836.6
47568.6
52476.4
55639.1
46688.6
49322.6
48443.9
39414.2
44783
58249.6
57441.9
64059.3
48451.6
45980.8
45961.9
54509.7
49010.7
55497.5
52754.5
42389.6
46946.3
49049.6
68498.6
65681.6
58470.1
48063.3
50335
44991.8
67212.6
56875.5
48004.7
45670.8
51667
49073.1
53331.9
44756
45880.9
64490.7
55344.1
49735.4
42459.9
45738.1
45650
41015.2
50559.2
39701.4
57176.8
48137.2
55094
54046.1
39991.7
60544.9
39524
46731.5
34703.5
48716.7
48916.8
51831.6
37402.2
39953.9
49561.5
45771.1
44237.9
38032.6
36996.4
36486.7
58667.6
47028.7
46107.4
45736.3
52190.9
38301.4
36496.2
40818.7
44388.1
45740
42951.2
40079.6
54341.9
51715
34504.4
51497.2
35299
50875.4
45151.4
38095.2
37709.2
37776
29489.7
39171.5
36953.7
40822.3
49100.2
39147.8
40992.8
47309.9
44358.1
48761
44042.7
44656.4
41322.8
40299.8
38157.2
33878.4
49243.1
44729.7
35586
45372
39494.9
59731.3
33014.8
34400.8
38447.3
42849.4
44681.4
51297.9
39394.1
33295.2
43899.5
43032.4
35362.7
51537.6
29262.5
50394
31741.3
51136.5
31657.2
42120.6
43574.7
34392.7
44669.7
48592.9
47117.3
35444.5
44049.8
39026.1
55958.9
40209.9
44720.7
43689
44076.1
50095.7
32864.6
40460.5
39001
31578.5
37616.2
42850.8
42448.1
35021.1
49260.2
44831.7
28626
39834.2
41163.1
38567
37145.1
39852.7
36562.7
30788.5
40211.2
48048.7
29752.5
51612
34757.9
45726.6
41895.9
42813.9
39534.8
36732
50102
36978.2
38513
46938.3
51944.2
42780.4
37107.2
38387.2
55846.6
56776.7
34771.8
49820.6
44922.5
39198.6
46332.6
45006.5
50834.7
28996.6
45147.7
35370.2
46504
35958.6
31201.1
58914.6
31415.9
48209.9
32565.3
38353.9
39433.2
36432.2
44293
44400.9
40354.4
39016.2
48498.3
40240.3
42840.1
44393.3
35427
46093.4
43885.1
46687.3
39076.7
42236.3
50904.5
37201.3
34587.7
34750.6
30080.6
39724.7
26420.7
38979.1
54287.6
46837.1
47181.7
34932.9
46252.6
52193.5
42537.2
45212.5
56632.6
44919.3
49670.5
42974.2
43208.4
56606.1
31535.6
49590.2
32835.2
36010.6
33573.4
36002.7
27961.5
29745.6
35407.3
28123.5
34010
42384
39977.6
21582.7
34942.9
40686.5
29737.7
39339.7
43575.2
50087.7
34429.4
52506.8
33003.7
41045
41972.1
35922.3
39587.6
45829.9
39149.1
39343
41513.7
42266.8
41773.1
53028.9
36851.3
33616.6
28399.7
37998.4
43812.7
43488.8
37453.7
33878
25570.6
37778
45533.7
30573.7
41583.2
35559.8
44069.3
54438.4
25615.8
35971
42560.9
35996.2
32908.4
38657.5
35622.4
32233.6
32682.1
53708.5
45254.6
34772.3
43074.7
41933.6
38651.9
42686.3
34475.6
35057.6
34765.6
44110.1
30846.5
23274.8
43415
40392
40421.1
46743.9
37517.8
33498
33654.4
28845
34173.9
30875.9
43275.4
50425.5
47204.7
38974.7
34464.8
42455.2
46637.6
29639.5
44895.3
37579.6
27115.2
24530
41819.3
33726
27208.5
20822.5
25760
38510.3
39138.1
25766.8
42150.9
32852.5
40224.1
40496.5
35673.6
25476.7
23127.7
28665.1
22082.7
28175.6
43179.5
39295.3
31167.4
35448
37577.9
41109.5
37813.4
22340.7
45447.6
30307.5
25780.5
31876.2
25249.6
30688.8
39128.4
25266.2
35919.9
34953.5
35645.5
34916
28417
34614.4
38361.7
27661
36859.3
38782.8
39784.7
30394.7
38351.3
31053.6
40967.2
33441.3
34482.2
37716.7
39249.9
35688.8
23868.2
31716.2
32215.5
32796.5
18898.7
29180
24078.9
34132.8
25188.2
30461.5
34113.5
22418
29029.5
43026.6
38034.4
26424.8
32504.7
39062.1
33246.5
22471.3
32350.2
28271
35360.4
24767.3
43040
30936
24227.5
36944
28324.7
24724.4
27200.9
27305.1
33048.6
26953.8
42714.2
26308.1
35790.2
48051.8
30526.8
37492.9
30983.8
40129.8
24604.4
36619.6
33860.1
33568.3
33979.6
39349.7
28483.5
35992.7
28932
28091.9
26572.6
26342.6
37741.3
33438.7
41194.6
31278.9
25440.8
41357.8
27780
25541.2
28278.5
30678.8
25625.9
35006.5
21468.7
27832.2
28940.4
26901.8
30279.8
32722.9
26855
34705.5
33223.6
16188.7
34001
27810.2
34514.9
30251.4
38433.3
35067.2
36265.5
26927.9
19273.6
23822.9
35920.5
37795.9
35354.2
27786.2
37947.4
42727.2
18984.6
26645.8
25902.9
29379.9
29997.6
33644.8
24999.8
20123.3
27675.9
19070.9
31849.5
20165.4
27452.6
22235.8
26573.2
15969.3
29663.1
18206.9
28274
29804.3
37079.7
35678.6
22914.3
11034
39872.4
28704.6
22637.6
38660.9
33909.7
39996.7
30563.6
35916.3
25982.8
32686.5
24302.3
25595.8
30783.2
22532.3
22989.8
26468.2
27030.4
35964
44839.1
31537.1
25411.4
26233
34903
24857.5
19581
26908.2
33163.2
30657.2
26157.7
24710.9
21299.9
31390.6
20128.9
24317.3
31733.5
24915
20560.6
25143.4
35494.5
19086.1
18332.1
23767.2
32598.8
20094.5
28609.2
29393.4
28705.8
29201.2
25780
34382.7
31675.5
26026.3
34092.7
30318.9
37360
20612
38215.5
25628.2
27680.1
31431.2
33209.7
31121.9
26458.1
22824.7
33704.6
17118.7
36276.5
26229.3
20241.5
20524.8
25810.3
35712.1
29588.8
40408
17469.4
17953.7
26422.3
29039.2
21399.8
23325.6
17743.8
20838.8
23733.1
33432.6
22491.5
15124.4
34863.4
20505.1
29518.5
19205.5
30824
33748.8
28011.5
26633.1
15502.2
20720.8
27013.8
26735.7
20044.8
29022.9
19278.7
23916.9
38197.2
20552.1
33638.4
29993.6
15133
27492
21100.8
18853.5
20699.3
24566.3
25684.3
25948.6
12790.3
31371.6
24516.6
29505.4
28109.5
23957.6
21771.5
25152.5
19693.6
25920.3
31375.2
27801.8
21508.2
25338.5
31338.4
18734.8
22345.7
26473.6
20163.2
13938.9
22350.4
23049.1
27744.4
16001.8
13786.4
20793.3
24225.9
28191.2
23451.1
24209.1
29357.9
25311.2
20650.8
30600.6
19723.2
22410.9
30188.6
27627.2
21169.9
18472.4
25019.3
27645
22148.1
36907.3
26125.6
24041.9
20111.7
23819.7
21430.1
21114.6
14900.6
28940.5
35144.8
15957.2
21592.7
31516.9
26023.7
23955.3
27351.4
31947.2
27271.9
15374.6
14041.3
28379.6
22052.6
9497.89
26993.1
15427.8
23536.3
21166.1
21249.1
33459.1
25282.2
21983.6
15583.4
23886.9
17444.6
31011.1
24590.8
18922
36111.7
18343.3
19586.2
24361.7
20769.9
18253.6
20980
20847.6
18559.6
18425.4
11147.4
23041.9
24534.5
26619.4
26477.4
19006.1
22155.7
15490.1
28064.3
23672.1
12356.6
24139.1
20760.2
18185.1
16252.9
19047
26630.8
18059.5
13226.5
16054
11417.9
29503.1
23965.1
21124.6
16405.5
20638.8
19024.2
18802
14723
18183.5
22252.6
35796.4
28485.1
28616.9
24143.9
15170.8
32126.2
24851.4
18531.1
19146.4
23336.5
19799.8
23139
17197.6
11216.4
15277.6
24361.5
18170.4
23803
26084.5
15146.3
22521.4
24736.5
23929.5
25833
28072.5
20232.2
15522.9
10262.8
18476.9
20709.8
22141.3
20472
16773.4
23544.5
15902.8
26497.9
22985.2
31041
29477
16102
27463
21549.6
27632
15902.8
14306.6
26050.3
23247.2
18918.6
19903.2
25660.7
13708
30571.5
14578.1
19214.6
15771.9
12284.9
23575
27311.2
15775.2
19634.9
12664.8
26247.5
28033.5
25961.7
17392
24017.4
23029.7
12932.4
15671.7
19432
14242.9
25959.8
19264.7
17418.2
15820.2
19288.3
19019.5
15875.5
20755
14988
17093.9
15667
20060
25438
23546.1
19868
21668.4
19054.9
26184.7
23980.9
21712.6
12546
20796
20390.5
33680.3
15132.9
17399.6
20590.2
22319.3
13884.1
22395.2
22795
18247
23393.2
16036.8
15149.1
18991.1
12795.1
11815.2
18655.4
14668.6
22355
19407
19351.5
11763.7
14613.8
27211.3
16180.5
19116.4
16939.6
6494.48
25479.4
15386.6
18008.5
17926
20458.5
15499.7
21621.2
15851.2
15121.7
12635.8
14604.4
23558.6
17245.7
13991.9
24824
13336.2
18626.1
21989.8
14151.2
17879.6
29070.7
12261
15289.4
17568.1
18135.7
15345.7
19567.4
24707
12872.4
20484.3
22720.9
26602.3
30458.2
26552.1
17706.6
9778.05
18518.3
13717.9
22256
18306.9
11329.8
24911.4
23729.5
15472.1
18621.7
14070
22755.1
14877.1
14355.8
11363.6
7751.73
14625.4
19517.8
13424.3
10266.4
13163.9
30836.5
9842.76
11436.2
17752.2
11235.3
11749.7
21792.7
13535.3
25578.5
18631.4
12068.6
19799.7
27206
19091.3
19901.2
11911.2
22120.9
23035.3
15239.7
17782.7
19980.1
12076.8
17295.7
22374.5
14142.5
14999.8
20469.1
16979.1
13673.8
11721
13339
27860.1
14075.9
20287.4
14352.8
24696.2
22158.4
22140.9
15028.8
21408.5
13335.1
8531.1
19979.2
16152.7
11685.8
14514.1
15543.5
17918.6
10436.5
12874.3
17117.1
28009
19121.1
23068.5
19854.7
10569
15521.4
16411.2
16068.5
20953.3
24063.5
17018.7
7950.85
20558.8
13778.3
16450.2
14465.7
15325.4
15560.5
11582.8
12930.1
9117.45
16729.4
14524.5
22225.5
23733.4
13357
16466.8
15161.6
14366.5
14463.5
21706.7
19834.5
19773.5
14173.2
17002
21665.9
17345.5
15044.2
15783.3
22346.5
15310.5
13894.9
13517.1
21838.6
28279.4
18544.9
11313.4
15625.4
14266.3
10298.9
15904.5
8556.71
12444.7
21736.9
19296.9
11840.4
16102.2
19292.6
9109.67
9363.58
11961.8
12534.5
15093.3
21505.1
19091.9
11482.1
15185.8
17648.6
16309.2
18568.5
21141
22361.2
9516.37
13389.7
17464.2
13048.9
14545.5
17804.6
26782.8
13257.9
12053.4
11668.5
14815.9
10610.5
14410.6
19180.9
8636.55
16801
13992
24892.3
9638.7
20713.7
11640
12050.6
16865.1
17362.3
14097
16309.4
17458.7
15123.3
15910.4
19443.1
11528.1
12806.1
17045.5
17879.2
19555.8
21916.9
16872
18175.3
13889.6
11150.3
11424.3
16161.4
14165.3
13794
14451
9698.93
21186.9
8806.61
12924.2
17358.8
15237.7
17565.9
13531.2
16213.6
15375.8
15183.1
16838
10630.8
16116.3
10771.2
14384.5
19135.8
15338.5
13811.6
10990.1
11925.6
15136.2
13631.8
12058.4
13125.6
19333.4
16367.7
7564.53
21835.5
17183.4
13289.4
13869
7662.98
11906.3
11344.7
6220.32
18277.7
19440.9
16395.8
9131.71
21108.5
7053.87
14732.2
13017.3
12449.1
14795
14143.5
13300.2
13795.4
15309.3
18512.9
12547.8
12705.5
16886.6
14026.4
11255.7
15453.9
20423.2
13611.9
11553.3
7224.46
15584.8
20412.8
11641.3
21004.8
17449.5
9156.41
12273.1
11199.9
18424.4
15140.4
12837.1
15129.6
14772
16854.1
10611.5
16067.9
19466.3
10636.9
16953.9
10624.1
7487.29
14810.7
11806.8
8847.58
12313.4
26290.7
11243.4
12710.2
15230.6
9311.85
15818.6
11668.4
14651.5
13428.5
15099.5
19459.9
9417.68
14534.2
14800.3
12163.2
11366.3
15357.4
19303.6
14337.8
16274.1
10752.6
8363.6
6208.68
10537.4
10404.2
8520.66
10786.3
14852.2
6369.6
14619.2
15274.7
13438.6
11424.7
16270.4
19707
17750.8
18628.8
13360.4
19600.3
14330.1
12669.9
9162.75
15236.9
7295.45
16109.3
9405.35
11230.4
14906.8
9464.05
15645.2
8335.91
11038.1
11167.8
14505.2
9149.7
7627.65
14572.7
13820.3
13516.7
10636.1
17059.3
15985.1
13203.9
15152
8579.12
10033.8
15667
13709.8
11485
9266.57
13762.5
17684.4
18287.8
12922.6
11906.3
12327.3
14182.9
8138.08
7326
14068.3
11117.1
11333.2
19811.3
16418.6
13388.8
13603.9
7913.31
13025.5
12532.1
16305.6
5097.27
11919
7802.95
17830.8
14763.5
8607.6
10185.1
12900.9
9718.2
11248.5
21865.3
9293.44
17207
15698.9
5071.81
18354.5
15738.4
13006.1
11689.8
15732.1
3141.47
13459.8
15173.7
8232.72
6315.67
12120.6
15434.9
8630.25
8257.79
18772.1
8094.17
5641.59
12815.1
18517.8
16488.5
14969.3
13750.3
13312.4
10247.4
16102.9
9599.26
8592.67
16610.5
6735.72
11756.5
17389.3
7027.24
19096.2
7295.4
15652.4
7599.31
17502.4
9211.52
14964.3
8606.42
13055.5
8206.03
11992.1
11265.3
8124.93
17285.4
8331.24
16663.6
11101.6
5354.85
9534.67
14022.5
13139.1
13971.2
7824.01
10922.2
9693.45
17485.3
8224.65
8573.9
8591.16
8694.97
10280.6
11278.4
11128.9
14634.4
13650.6
12031.6
10106.2
15915.2
12173.4
11304.7
9704.89
17348.4
7011.11
5645.06
10190.5
13679
9206.69
14477.2
11615
7384.19
11524.1
12792.7
13685.5
15667.5
8728.98
9266.08
14061.4
7004.68
4280.07
12265.3
10519.6
12065.7
13460.2
10649.1
8660.44
6281.2
9614.54
7173.72
14035.7
18461.3
12315.6
19327
6073.67
14298
17174.8
10836.7
14722.7
12298
6544.23
18516.5
12252.1
16356.2
13742.2
13814.2
17435.3
6765.25
10861.5
6792.84
11930.3
13938.5
8647.5
10521.1
11807.6
10895.6
7192.38
8297.29
4105.63
17453.8
15747.5
12872
15781.1
5844.36
10126.9
13336.7
14120.7
3717.54
5997.19
14139.6
10410.4
13048.5
7599.59
8372.04
8491.7
10248.5
13927.1
9561.76
4770.64
12238.9
11241.2
8732.13
16229.6
9600.76
6317.69
11547.9
13130.1
3039.23
8694.31
6796
13714
12151.6
13457.5
9282.77
21456.2
15146
18815
8673.57
10469.4
8534.47
12359
14133.8
10255.1
14615
20155.3
12379.3
11364.4
13065.8
8442.51
10905.8
13224.9
10811.8
6094.97
11952.3
14217.6
9471.78
10971.8
10052.3
17889.2
10001.2
9991.35
6834.03
15006.1
9786.38
4632.75
7189.88
11244.9
16879.2
14439.7
13181.7
9012.95
10404.1
4242.92
11926.4
3906.5
12823
9740.47
9112.71
9412.37
12097.3
9192.83
11844.8
5592.87
14389.8
14969.9
12079.9
9711.69
8357.22
7783.67
16014.3
6411.92
10878.8
10722.1
8530.4
11054.1
8434.86
9130.16
4359.05
8419.36
6319.84
10185.8
7699.01
8565.46
9064.95
10904.6
9891.97
8498.21
10877.8
5291.78
6517.55
13920
9057.12
7499.83
6121.84
9726.47
14085.1
11584.8
16422
8761.99
16139.7
10553.8
7008.16
7225.59
8292.45
5448.27
10044.2
9748.36
8128.06
21653.2
4506.4
9425.11
4998.32
6597.23
10983.9
6531.97
6974.65
8087.16
14740.4
10355.5
12968.4
9818.44
15411.5
12867.4
17662.3
9941.82
11047.2
12268.2
12036.4
5329.56
6102.45
11924.8
6629.83
9665.49
13396.9
9564.44
4007.79
5454.63
6534.73
7683.61
7085.75
7668.6
11756.4
11951.9
9324.7
11104.4
9701.13
10040
10797.1
8608.78
7651.06
8398.53
12921.6
8198.59
12507.5
11612.1
7560.92
12546.1
5841.43
7149.9
12485.7
5019.85
16245.4
10447.6
4210.62
13955.4
13931.7
14352.9
11445.7
10115
10802.6
8616.66
10519.4
9877.18
5529.73
12776
6569.16
11657.4
8877.1
5729.2
15695.2
10895.6
10722.7
10705.4
11034.6
9746.7
18315.5
9891.97
4459.09
5896.96
9262.11
5715.4
8914.78
14424.5
11094.7
6257.57
6685.84
9049.99
5845.55
15137.5
6253.77
8979.31
12864.1
7082.83
7112.61
7290.82
7033.09
12965.4
13660.3
13979.2
13024.5
8666.47
15661.5
12714.8
7807.44
13583.4
11655
10362.4
16499.4
7462.68
6848.12
8424.48
7594.08
10490.7
5618.11
1897.28
14085.8
2759.29
13420.5
10473.5
8938.71
7209.94
2096.62
15088.7
6473.19
4692.7
8731.2
6105.05
7446.66
7562.58
10986.4
8442.95
8448.68
10992
7496.4
9463.75
7657.47
8447.36
8897.07
10620.1
10732.4
8266.78
11208.6
6497.99
5760.98
16017.8
5197.64
11374.5
13134
10121.8
6883.44
21554.7
13051
8723.65
7073.6
10056.4
7964.95
6850.65
21135.3
6442.04
8840.8
10382
11083.1
13113.3
9872.61
11495.5
7735.07
9762.26
6993.87
7638.1
10938.7
11743
3916.75
9014.06
6352.13
5315.02
7760.7
5259.48
9089.96
10815.3
10695.9
11182.8
6732.14
11321.9
6912.67
5496.32
8335.15
10025.4
9113.6
14080.7
8729.83
19545.2
9449.47
14598.6
9119.08
3143.19
9991.23
4991.56
6843.7
4498.95
4480.3
5936.78
8706.47
11325.9
11352.6
5210.39
11157.3
7324.62
4887.4
11906.4
12085.6
16241.9
6393.86
11780.8
10796.9
3687.77
5345.73
8002.23
8014.06
6878.23
6824.4
5672.43
13996.6
3867.7
12156.3
9104.71
12718.4
5367.55
7258.27
6844.98
12878.2
8358.26
8922.99
8267.71
10634.5
8145.63
9018.28
12193.1
5080.53
7883.98
11879.3
8089.15
5082.49
14207.1
6344.07
8858.75
9449.25
7815.63
7281.57
6311.4
10279
5611.35
5130.83
2478.79
5557.29
7098.03
5342.95
8275.41
6447.89
6273.51
13705.6
6254.25
11291.3
10841.6
11912.9
7142.54
10368.5
9674.52
6542.04
5199.22
9001.9
5994.05
8443.56
12438.2
7336.6
8902
14366.6
7299.27
7130.98
10836.8
6433.83
11370.3
9993
9042.98
8401
5106.49
4303.78
10921.4
11013.3
9168.25
7480.21
5817.38
7772.27
8366.68
13109.1
4161.7
6572.88
8808.34
7939.19
7403.49
6295.31
11939.3
10866.1
3122.72
15280.9
7273.03
5463.51
6929.69
7673.65
4740.67
8432.84
11418.3
11180.5
7281.65
8376.35
5026.9
7132.11
6411.32
5476.31
7768.15
8497.59
4754.81
6095.55
6826.21
6246.98
12822.7
10797.6
4525.34
7269.08
5774.48
5034.56
9021.8
3918.01
10630.7
6910.36
10007.9
5769.78
9139.16
4372.68
4677.48
5942.66
10547.4
2051.11
6288.37
7598.59
3365.37
8738.11
9573.95
7910.18
5566.96
4274.65
5895.91
7314.51
2123.08
6201.27
4957.77
3030.54
6679.79
8851.28
8880.15
7165.23
8385.89
9367.55
3273.96
3863.41
7854.71
5813.62
9659
9807.97
4603.44
13861.8
1704.05
12752.2
8915.74
3441.32
12484.6
8758.91
7473.3
10297.2
8201.47
8839.84
3235.33
7175.88
14657.9
8481.96
4399.96
7174.22
8247.16
9774.23
6553.41
6844.52
8531.09
7278.48
3810.23
10262.1
6721.36
7140.12
10674.7
4858.97
14633.8
11073.1
3450.28
6007.83
2728.71
8607.47
5264.77
10708.1
12589.5
5735.61
4660.28
5069.33
2778.87
4036.19
4088.85
9447.04
7272.31
7822.43
8552.68
5052.89
11234.1
5444.25
4911.22
4822.35
9612.32
3971.6
8928.57
8266.54
7015.17
5086.86
4200.26
5217.15
6489.8
5239.02
4894.96
4463.3
10158.5
9363.89
4999.03
5683.04
10270.3
3472.74
8121.63
4637.88
6025.03
9363.18
11939.5
10595.3
12908.7
10028.4
7449.51
9981.27
7494.54
7197.94
3860.03
4461.54
6140.05
5403.77
11531.6
12133.2
8511.95
8812.83
6466.52
6584.56
6979.61
7327.09
10405.7
7871.06
8066.97
6554.26
1892.23
6409.97
10212
2368.46
4512.81
4757.76
7710.79
9190.03
6478.81
6855.86
4582.56
5076.46
6472.22
10002.6
6338.75
4076.45
7905.51
6024.63
13333
7084.15
8698.78
4410.21
9129.33
7700.59
7994.26
4946.49
4545.14
3052.4
1204.14
8706.57
4834.92
9319.06
4921.6
4898.43
1635.77
5166.15
3529.84
1854.16
7331.47
8479.2
4225.21
9193.23
10242.8
4811.38
3395.13
5438
5959.45
7447.61
9093.87
9225.48
6515.91
5890.85
4130.77
4519.64
8569.76
10161.4
4053.68
10165.1
10490.7
10431.8
12719.4
5203.78
4606.41
5426.85
6266.75
6195.39
8003.95
14164.1
7276.31
6750.19
9288.64
6897.71
8749.55
15346.4
4074
6182.55
4319.88
4519.22
9201.58
4343.37
5979.21
10838.3
4888.84
11097.7
6769.21
10614.1
6511.07
3783.26
9681.82
8207.73
10183.7
2691.34
9000.21
3565.07
6851.43
7326.17
9210.58
3500.69
2337.67
5857.37
8125.33
4311.14
11503.4
9046.81
5355.01
4469.35
4704.05
10185.2
6712.97
3460.09
10642.3
3776.8
8648.85
7134.53
6100.07
6341.64
4831.82
3548.03
5794.92
14547.6
4756.44
8125.03
12771.1
5353.82
5039.44
3937.37
2958.12
6800.22
4642.78
5655.5
9730.03
6142.1
4507.9
7520.8
9740.37
8040.87
4616.33
8724.97
6579.36
8785.71
5182.84
7525.84
8642.62
5463.65
5494.53
1301.86
4452.11
6938.2
5715
3778.21
7529.45
5378.69
6162.41
2868.5
11401.9
5044.96
5783.86
5768.54
2452.61
7792.59
6004.98
10527.4
3007.55
10210.9
3908.96
5904.24
5608.68
5387.52
8523.75
2278.43
7966.8
8216.86
7191.18
7297.78
8229.06
5652.89
4680.22
6735.5
6047.19
10040.7
1600.75
6254.37
12246.8
7041.56
6822.2
7792.47
9239.2
6350.62
7338.43
8319.74
4395.01
7086.63
10114.2
8521.41
3387.31
11528.1
7188.12
11437.3
9996.24
4557.83
4916.34
5210.14
3123.24
4394.56
5919.51
4656.5
5759.13
5115.08
10572.3
1868.3
5745.89
7802.4
4419.38
5166.45
3851.44
6223.68
3780.53
3812.79
10941.5
2189.11
6548.58
5545.07
3292.79
5414.3
4302.37
7110.96
10008.2
2577.3
3686.57
10037.9
5887.87
5605.53
6450.74
7452.99
12354.9
5872.05
7331.32
7589.39
5417.76
6420.35
6299.96
5064.24
3161.76
12499.7
5431.23
11125.8
3135.76
4538.07
4405.58
7540.25
4285.91
3311.46
10298.4
2810.16
4592.67
9978.48
6988.58
5522.44
3388.38
4802.17
9920.72
10163.6
4692.04
2837.46
3279.57
2967.93
3120.78
4257.53
8930.46
4564.6
11838.1
4179.26
7324.6
7627.6
3155.31
7712.51
6728.34
11434.4
4959.77
2999.84
10528.2
5305.78
7667
7322.21
8291.76
3332.21
5204.04
2511.61
4447.96
8312.58
5657.4
3988.78
4236.73
11741.3
8508.4
3514.53
3300.45
10085.4
8344.22
3366.44
9586.66
7458.52
4860.87
11055.9
4918.15
6432.22
8159.79
4508.23
6244.02
5081.67
1547.77
6019.78
6278
6439.19
5522.86
10193.2
6140.25
5305.25
8685.37
10120.5
10435
2077.14
3810.07
3340.69
9614.18
2054.83
5702.9
9193.62
11625.5
5747.28
4452.64
7021.87
2697.51
4926.89
4342.97
5418
2875.6
6046.71
3398.65
4112.96
5289.19
9364.32
9345.66
3679.74
3511.91
6769.73
4477.04
4919.81
6658.14
7911.26
6566.94
4807.85
10659.5
10124.3
4526.31
6960.21
6331.37
4222.02
10523.5
3629.74
6929.98
2436.27
8265.51
8043.98
5662.32
5001.28
6467.39
4128.15
4759.68
6455.94
3807.26
2122.27
4458.25
5680.85
9150.54
6548.89
9889.49
7695.23
6721.12
3594.67
7182.46
3597.45
6249.21
2850.5
4725.03
5926.1
6597.84
3323.87
4408.95
7063.71
8462.47
6813
8318.6
3600.74
6766.02
5192.43
3966.75
5799.86
3153.12
10286.7
5896.34
4394.79
9095.1
7775.22
1791.88
8808.05
1383.25
8377.95
5013.64
7867.19
4142.46
4029.6
3031.53
5529.44
7756.46
5851.12
4056.57
6678.06
4834.5
4379.08
10443.6
4010.67
4364.76
3457.71
10768
5847.82
6867.01
3981.04
1932.68
6822.06
7651.96
4253.33
3069.93
4068.22
3227.2
1391.03
12248
7762.17
6776.96
5487.99
7255.06
4241.95
7366.75
2354.01
8540.61
10140.6
5703.36
7898.54
2788.86
5318.79
6624.37
6354.19
6992.47
4900.28
6715.38
7359.64
3347.25
8607.22
6075.94
8411.51
2253.18
3499.84
4297.74
7607.27
5261.76
8346.64
6746.41
7523.51
5786.12
3994.09
9035.03
7641.83
5260.86
7363.24
6549.49
2359.8
9146.54
5927.57
10710.8
2415.7
8338.36
6090.74
6374.92
9624.22
3779.19
4846.9
8841.43
2755.16
7507.35
6778.78
7910.43
5611.05
6073.18
5157.98
4846.33
7187.16
6089.85
2470.51
2736.65
4568.72
3390.3
5490.76
4190.18
4891.26
2717.95
8393.39
10751.6
3360.32
7366.3
4640.61
6063.5
3182.61
12302.6
4532.34
4088.85
6396.39
9852.35
5127.86
2982.23
3959.28
5490.03
7048.31
6278.76
5149.55
4886.1
8246.71
3486.55
3702.02
5228.39
6172.56
4536.5
2276.44
4290.89
5173.47
4227.37
4169
6804.67
2725.9
3225
5872.63
7595.68
2819.32
4024.65
3365.22
4351.85
6697.73
6543.13
2388.48
5002.64
1081.02
5210.07
4697.72
6783.69
3108.38
7180.49
7268.12
1793.91
10594.8
6286.07
6447.82
5555.16
4522.61
7043.27
3149.14
2424.31
6706.47
5509.48
2552.58
6142.31
8104.77
5242.08
5419.66
6445.8
4450.72
4819.84
3378.41
12809.4
3848.18
3659.23
4032.02
8117.11
2959.05
5372.25
3491.44
7505.7
6154.79
3605.9
1611.88
4951.8
5166.51
2460.68
4811.68
8314.05
3618.55
7591.99
3302.74
7383.1
3201.87
1129.21
8474.1
2793.11
8988.66
5360.36
5692.02
2316.34
4749.63
2551.68
6434.88
2916.76
1815.78
4028.68
5366.66
1889.79
8424.28
3195.1
4312.53
3298.89
5236.2
5377.83
5440.35
4631.82
4313.3
5367.24
7453.4
2463.4
7875.14
6686.21
4064.68
5589.73
4103.98
7871.41
5877.36
6470.49
4373.12
5849.54
4451.04
6533.83
5601.2
6410.18
7332.41
1674.85
5894.88
5672.85
7705.37
5351.85
5225.53
3686.81
6393.78
6312.4
7493.43
3472.45
7621.78
3719.38
4746.39
5925.1
2619.27
2864.41
3547.86
3965.18
9732.94
9162.08
5014.07
3278.62
1818.46
3752.76
5088.96
8876.47
6250.94
3941.09
6967.34
6594.53
3727.76
3591.82
2349.49
3393.95
2272.04
6002.39
6085.75
2410.12
2573.41
6486.68
4960.84
4829.16
7414.42
4924.63
3440.56
4199.84
3525.22
5149.08
3698.35
4084.3
3545.71
3602.48
6563.26
2866.8
6586.84
4197
5191.99
4615.16
4302.09
3926.88
3052.33
5933.22
3370.01
6676.96
3611.34
8017.73
2445.98
4533.96
6657.63
4094.97
7475.31
5309.01
5869.56
3045.66
7316.27
4175.56
1691.44
2947.16
3746.38
5499.95
6148.51
3918.82
11256.9
3940.34
2407.2
2397.88
10396.8
1578.91
2767.42
5127.8
5758.5
6102.83
3765.48
5973.22
6433.07
7129.18
1825.42
3331.45
4511.14
3353.1
6358.15
5772.04
6282.59
4272.9
6207.87
6760.74
4452.36
3938.26
3514.8
5676.8
2392.91
1250.08
6184.9
1416.06
4284.28
4681.25
2801.83
5353.96
3642.77
4796.93
7383.17
2190.23
6556.88
3686.75
7240.69
9334.67
3528.36
6264.4
3887.27
3981.95
5222.41
2902.85
4195.54
6171.44
7655.94
3219.01
5998.78
4281.18
4074.64
4103.85
2802.28
3451.46
7162.52
4002.49
3290.51
4637.51
4343
4733.12
2104.43
4229.2
1209
2572.31
2925.41
7185.36
4640.35
4980
3777.32
7265.62
5034.51
9823.12
7197.77
5311.24
6562.91
4131.97
3470.83
7336.57
4245.53
9462.85
6621.54
5293.43
4820.73
8174.28
5722.82
4452
3461.32
5925.68
3300.63
2729.35
2966.42
2886.79
7252.09
4741.32
3634.44
4808.98
2850.28
1463.68
4054.66
3381.79
8657.3
6503.15
2462.44
1602.69
1806.78
3023.05
1827.19
4102.79
3512.27
3369.79
2663.22
3067.91
6525.02
9382
1784.36
7197.41
3266.47
3274.29
3018.11
12909.4
5432.79
4870.05
4116.78
4668.31
5044.75
9824.58
4416.24
8183.87
7160.26
5457.86
1055.65
5552.64
8898.17
2547.64
3115.66
5407.34
9611.02
2733.19
7615.08
2666.38
6285.44
3067.66
5015.85
5610.22
7984.72
4365.19
8124.64
4845.6
9246.48
3448.32
5346.77
2605.9
3123.92
7550.37
6728.46
8367.41
1817.86
4978.82
3683.02
2213.57
7302.29
3660.2
4021.33
2602.83
4917.41
8065.89
5401.76
2804.28
10131.5
7653.1
2312.97
5036.86
3676.42
1956.61
4443.86
2120.34
4309.24
5958.4
5965.13
5067.21
5212.2
6848.63
2980.02
4151.81
6609.84
5412.89
5280.68
5484.91
7045.37
6377.16
3735.84
6919.23
3253.06
3810.19
3969.24
6145.93
4120.09
2840.37
4112.14
6798.26
3577.99
4405.52
4071.69
2827.41
4264.35
6130.65
2620.42
1696.01
3471.53
5026.67
4531.11
6661.18
2497.16
3457.88
4348.56
3688.38
1525.01
3558.29
3179.13
1478.64
6465.81
4237.13
1156.36
6488.28
1678.54
5838.98
7155.99
4279.49
7992.15
4921.33
3231.25
4632.74
4407.7
2300.74
3874.34
3520.69
6480.27
6769.84
3271.66
1263.83
4444.82
3138.3
3132.46
6421.71
3907.18
2387.41
3529.99
4811.74
5254.28
2551.08
4761.97
3221.01
2120.81
4632.81
2132.94
3539.08
4434.31
5477.24
8306.62
2945.43
10238.1
9954.03
3716.95
3440.58
3055.58
4572.57
1807.47
6533.2
4477.53
7218.35
6375.73
1229.62
3587.59
2476.58
7028.83
2212.95
3671.85
4722.29
1744.15
7651.27
6016.71
6044.77
4943.96
8005.75
4635.36
4474.9
3051.45
3593.29
1996.65
4130.22
5325.14
5521.06
6105.44
3303.86
8145.98
5437.05
5894.11
4035.93
5053.3
3983.32
2898.84
4595.17
2604.53
2283.21
3109.98
5231.77
7116.88
2241.97
7918.72
6741.59
7243.61
6209.05
5451.08
4115.92
4536.07
4412.41
1803.71
4669.66
6980.31
3844.8
8758.26
6146.1
4040.74
4001.85
3822.09
7262.83
2672.2
1287.03
2237.87
2569.31
2003.22
7208.57
2151.54
3361.44
3881.88
1839.26
5129.3
6754.24
5766.93
2472.63
4337.88
2164.61
6293.9
3675.97
4910.91
4967.44
2126.98
6159.19
2346.74
2692.55
2909.93
2047.65
7925.66
4671.76
4525.33
8173.41
3208.87
2844.47
3829.59
2175.66
3879.89
6176.45
5085.63
4411.54
3098.69
4907.66
2063.62
5377.11
5174.84
3816.32
2545.79
5325.97
1769.3
6750.07
1495.85
3982.55
3868.28
1200.84
3757.66
2258.68
3941.09
11158
7699.64
3655.08
4789.08
2988.98
5239.23
2225.2
5707.29
2548.85
1667.16
6010.08
6942.67
6052.87
2003.81
3759.9
2289.13
2947.68
4721.44
1327.56
3665.97
2769.39
3784.19
2001.24
5254.59
2976.42
4636.27
10626.3
3006.79
5313.49
6145.82
2390.23
1638.85
3306.25
7535.3
3486.53
5075.23
10029.2
7310.06
5576.22
5937.06
2293.58
6079.37
4726.04
3373.88
3121.9
5478.12
5604.55
5237.69
5072.97
2088.05
2833.95
3573.2
3588.54
4443.32
6948.78
1285.68
3152.03
1210.89
6541.89
3785.56
4270.33
4002.37
1162.63
4383.09
4478.6
3465.49
6346.43
2596.52
6710.4
4415.69
1522.35
3661.53
2904.69
2618.14
5340.84
3934.9
3164.21
5396.79
1996.99
2374.74
2262.67
7886.68
2049.9
4848.17
5885.05
1363.21
5719.16
4227.62
3584.12
3831.65
2082.86
1968.68
2083.37
5862.45
3009.45
4960.93
2830.72
7927.78
2368.34
5808.78
3584.81
4264.03
2294.26
4154.33
4647.47
5555.76
1079.01
2158.55
3740.49
3210.58
3336.61
6316.91
4036.01
2304.53
1120.69
2188.88
4109.88
6213.74
3629.14
2214.74
10497.3
4653.32
2031.28
8392.83
5013.34
4653.8
4977.71
3160.98
5127.61
4488.17
2953.13
7181.02
1660.71
2254.95
4710.78
12180.5
3231.7
3013.12
1861.11
6314.87
4775.48
4406.67
2582.97
5049.39
6156.36
2826.78
2477.27
7312.41
4895.33
2510.8
4077.31
4151.63
7008.16
3211.92
8735.77
7001.64
5544.24
3479.81
2742.68
1850.36
3787.65
5696.3
4095.3
3690.22
3943.17
2559.68
5109.28
3004.5
3116.55
4187.81
5115.71
4618.04
5867.35
5518.14
1539.37
3994.98
5832.61
4542.02
3407.78
1794.67
6969.9
4578.51
3923.22
2695.91
4244.34
4843.54
1679.1
6110.03
3131.16
1410.72
4586.16
2707.5
3276.08
2925.08
1888.6
1335.04
3772.38
8467.52
5525.44
6252.44
4619.66
2775.59
1890.6
1939.59
2718.23
1315.09
3281.4
4394.63
4434.94
14529
2595.72
4696.1
6096.81
5499.03
6206.36
3572.75
6208.06
6622.64
2442.6
2114.48
2032.54
4491.52
5380.37
3773.43
3199.8
2329.22
1432.97
3958.41
2461.02
2411.45
4002.81
3290.86
4075.24
4320.43
2547.79
2743.78
3980.56
4133.47
3192.53
6579.77
5484.21
3797.45
4795.98
4073.61
5473.85
1892.62
4138.75
3074.69
4030.21
4258.89
5202.72
2131.7
2587.08
3123.34
5057.43
5766.27
2630.23
1721.6
6677.51
4266.46
5595.86
2567.02
3351.32
4918.3
4533.93
1660.1
3719.32
5500
3809.77
8692.78
2765.52
3154.03
1471.01
2442.95
4863.37
3119.71
1207.82
3347.94
2969.77
3567.93
2486.83
1180.58
4206.08
2470.61
1189.44
2011.7
1159.69
5709.19
4050.99
3334.55
5081.43
2421.14
6401.65
4365.39
7521.85
2607.94
4644.42
3826.84
3256.54
1104.25
3211.35
4579.34
4424.68
5435.84
3053.23
2962.9
5379.74
6759.95
2203.63
6050.6
4444.2
3221.58
4075.39
4838.32
3727.77
4916.31
5187.21
2806.48
4863.1
2246.38
1555.13
2145.77
4409.56
3062.03
5307.38
3351.51
1199.44
2107.24
2060.63
6256.21
6299.55
2972.2
3935.05
1967.78
7267.89
3303.07
4899.58
4349.79
6692.62
6204.46
1947.64
2681.1
5466.84
1432.16
5379.91
6323.91
2021.92
4150.56
1833.62
1553.27
2298.21
2796.09
2811.68
2259.22
1615.6
1802.87
3518.72
1448.34
2952.28
1173.58
1814.23
5431.82
2118.22
2714.84
4840.11
2196.88
4013.42
3149.87
4350.22
4174.96
3270.46
2206.78
2391.41
2686.2
4487.45
1884.27
3549.07
1354.6
4685.25
3101.69
1128.93
6747.98
3126.11
4681.93
3858.41
5787.05
3569.13
2415.27
4274.16
3399.52
4752.89
1686.01
1909.04
2950.55
5372.36
4034.2
2493.02
5836.92
2341.13
4327.83
4052.45
2751.56
3950.45
1530.89
6208.73
4042.02
2102.43
3269.16
3328.02
4841.26
1389.1
1739.83
1851.44
1871.38
7044.9
4707.47
2198.66
5411.33
2267.37
2504.71
2075.21
2824.71
3560.65
3392.52
1176.54
2931.79
2008.47
1077.32
7321.4
1715.69
4619.92
1224.46
4637.08
2988.11
4233.31
2829.31
3683.78
2756.04
2682.57
4247.39
1055.65
1818.59
3063.96
6042.27
3468.36
2443.07
2153.87
2141.13
4000.32
3749.6
2083.57
4867.29
5207.16
2151.66
2961.05
2188.83
2228.39
2050.66
3865.43
3305.49
4086.4
1585.12
6167.93
3589.28
3640.71
2620.95
1742.9
5177.51
3088.88
2894.14
1621.16
2392.04
2085.75
2669.45
3558.44
3623.97
1410.84
3662.05
2232.04
2170.66
1517.92
3260.95
2997.54
3351.65
4774.76
2688.16
3240.33
2334.21
3622.34
1024.91
4609.91
1932.63
1952.98
2798.45
2195.24
1786.49
4712.03
2999.95
3425.53
1548.15
5126.36
3286.21
1893.41
4612.05
3669.46
1116.22
4523.5
1712.85
5679.2
5076.36
1349.92
1812.25
3238.2
3422.65
4474.27
1236.76
2431.51
2889.67
2447.26
2202.31
5594.41
3982.62
3964.33
3434.12
3011.01
3412.89
5764.45
1359.76
1911.14
1186.62
3506.32
1231.83
1524.82
6731.16
2679.37
7351.11
3044.25
1217.98
2404.7
2111.86
1242.39
3756.42
2650.86
1864.12
4250.11
2908.73
4841.27
1152.84
4682.46
2859.94
2297.29
1485.06
1195.97
1166.59
1236.61
1725.72
1041.08
1503.64
2046.56
2853.42
2736.55
3159.29
3530.4
3042.28
3799.33
1772.79
1947.01
1233.57
1849.86
1014.24
1329.93
2932.03
3756.24
1743.09
4564.35
4958.26
1580.85
3363.34
3274.54
2695.86
2232.31
4480.76
2174.41
2440.78
6121.54
5800.63
3103.18
4175.68
1062.36
1283.61
1417.79
1105.73
1907.43
1534.45
5594.84
2879.91
1398.65
1983.95
1704.49
4373.86
1210.82
7258.36
3059.69
5118.87
3618.55
5031.07
1878.37
1373.21
2002.03
2167.59
5308.75
2063.64
3625.39
6766.84
2656.18
3675.57
4140.88
4245.22
2125.01
2150.7
2125.27
1490.36
1255.12
3713.09
3483.29
1780.09
1773.86
2722.68
2780.6
5247.63
2991.54
5160.66
1864.66
1771.66
3764.03
3376.31
3356.04
4580.02
7640.67
3532.08
6325.96
3654.59
5493.31
4731.04
7522.1
3415.73
1775.66
2129.17
1729.23
1256.29
3097.44
2231.14
2370.73
3808.74
3049.59
4497.85
2921.62
6287.51
4527.05
4594.28
5003.66
2165.27
3840.4
4538.11
1942.47
1698.8
4525.35
1759.22
1763.99
2802.51
1946.37
1408.61
3031.52
1841.05
1660.27
2950.89
2813.44
2041.94
2369.11
3089.35
1387.89
3362.81
3791.94
4679.93
5948.42
3453.15
2392.2
5792.89
3213.31
4661.88
3620.82
4068.81
1149.15
1527.98
4057.95
5004.76
1333.02
3464.69
2584.02
2031.94
2470.78
1810.68
2053.77
4512.72
3982.16
2253.57
7305.98
2731.96
3776.85
1496.39
1889.34
2280.15
2963.74
3929.95
2962.56
3281.3
3694.63
1346.45
3657.26
4019.25
3428.13
1454.97
2479.89
1378
2128.94
4695.21
3330.03
5505.52
5586.3
3400.61
5642.71
2381.36
1675.3
2381.71
6543.08
5059.64
5801.17
2789.7
1925.68
2324.72
3298.98
2250.36
2591.6
2541.87
1600.52
2745.64
1927.54
2117.3
1015.78
4068.99
2100.58
3324.63
3079.79
2437.77
2752.81
3740.37
3260.28
3879.56
5307.69
5254.8
5644.38
1228.48
1595.13
3419.27
6048.98
1630.33
1195.06
2021.91
2107.62
1297.1
2126.92
3118.85
4637.38
1199.77
1278.41
3105.26
3271.79
1213.68
2264.12
4446.97
3242.48
1900.98
4588.03
8459.6
1886.57
1728.33
2031.62
3362.27
3713.11
1859.9
6853.41
3004.81
5028.84
5416.01
2305.36
1599.5
8446.99
5079.16
4255.88
2556.29
3231.02
1655.63
2797.03
3445.32
4380.46
2165.92
3370.36
1745.87
5500.93
5007.98
1597.75
5667.36
4254.08
1159.14
6173.74
1975.46
3887.41
2208.15
6407.67
1099.69
3452.28
2312.02
1242.14
4490.8
1558.63
7536.5
6592.2
3871.36
3595.05
1872.11
1533.69
3398.24
1172.76
3690.3
1194.66
1700.41
3846.47
3167.71
3171.88
3645.56
2551.09
1161.33
3828.02
3858.62
3870.61
1168.13
1397.66
2299.25
7778.09
2466.69
2575.25
2357.83
2655.15
1256.71
4950.94
3119.66
3227.62
1386.7
2209.79
6384.13
1878.93
4517.98
5935.94
1344.18
3603.88
1828.59
2357.7
2767.88
3481.29
3141.39
4090.63
3987.72
1858.53
3482.03
2627.9
4406.97
3706.19
2149.67
4925.43
3978.38
1745.23
2365.78
3517.4
1006.85
4320.53
4942.68
2004.52
1774.65
2154.83
6505.04
1495.29
1494.78
2510.28
1206.5
3819.52
3353.73
5182.65
2819.14
6637.61
1751.48
1496.63
2338.79
2948.2
4105.73
3671.08
3177.66
1791.38
1295.54
1758.63
1003.39
1627.23
3229.15
1216.35
2966.49
6616.95
1526.16
1736.05
4116.55
1350.49
6780.04
2062.97
4496.25
3466.92
1992.35
3056.46
3697.97
3328.12
2810.43
2802.54
1115.9
2037.96
3839.15
5814.04
1057.64
4596.89
3578.32
8069.25
2548.26
4665.92
1354.54
4666.11
4625.3
1618.11
3467.67
2451.26
1288.69
5258.6
1343.94
2530.14
2672.11
1849.26
2237.53
1247.73
1432.09
6230.32
2343.8
1039.56
1327.91
3318.44
4111.3
4114.56
3473.74
3688.59
3656.78
2962.33
5071.86
3222.39
1425.81
1272.76
3031.2
3123.96
3646.32
5862.67
3346.04
2663.82
2895.03
1304.09
1004.29
1381.2
2131.4
3680.47
2116.06
2541.79
1528.52
2245.77
6531.62
2230.84
10136.9
2789.99
2589.93
4748.1
1915.66
2799.83
2688.18
6650.07
2449.87
4494.4
4504.61
2373.57
1214.25
4529.09
4639.27
1682.96
2222.85
3110.24
3769.12
1991.42
2326.97
5055.74
2245.09
2130.54
1763.24
4443.73
4157.2
2363.46
1469.64
1182.43
2470.58
1176.39
2453.52
1273.61
4918.95
1635.27
2362.28
1902.9
1762.43
1749.26
2168.06
1774.68
2372.41
3440.14
6252.96
3412.06
1337.14
2703.9
1903.08
1058.61
4267.88
4344.15
1822.13
2256.03
1971.15
3520.34
5240.2
1107.32
4346.74
3713.19
3316.46
1602.67
3651.69
3293.59
1687.69
2395.45
2322.38
4188.02
4472.24
3403.61
2948.59
2410.57
2589.75
1984.86
4464.29
1832.48
1123.78
1282.32
3566.86
2307.78
3477.7
1989.63
2715.82
2749.5
4913.78
1114.64
1230.21
3589.02
2429.89
2127.89
1993.85
3112.44
2598.71
1395.93
4950.32
4078.33
3261.32
4886.05
1166.14
2610.25
1516.84
1006.47
1601.56
2916.31
1261.22
2934.91
2296.78
2227.93
3273.83
1930.64
3576.05
2456.77
1796.86
3737.05
3810.41
3104.38
2667.99
1206.6
2701.68
2576.87
3578.99
3439.09
3167.7
3411.08
1179.18
1566.82
1763.12
2679.72
1169.36
2332.49
5550.5
2989.58
2054.48
5331.72
3821.52
1174.85
5039.31
2084.08
2310.7
1655.36
3402.67
1148.21
1412.22
1177.73
1013.34
2253.5
2131.57
2627.93
2691.22
4137.27
4036.54
1763.3
2985.95
1209.97
5878.99
2513.27
1012.46
3368.14
3678.43
3091.83
1181.11
3182.41
1863.78
5658.08
3649.39
2242.43
1993.8
1003.64
2477.25
2956.65
3085.9
5388.94
3131.62
1166.92
2755
2081.02
2023.53
1183.24
6768.5
2717.1
2237.01
3116.01
5673.52
4836.68
1390.87
4143.69
2401.86
4633.27
1561.26
1467.48
4291.81
4992.44
2391.64
5836.82
1564.35
3182.07
1321.54
3663.17
4465.72
5185.49
1179.75
4750.68
4910.29
7006.09
1063.96
2420.71
3203.95
5256.05
6041.97
1389.93
2910.28
4304.65
2411.59
5189.84
2362.28
2083.69
1956.55
4950.97
4580.06
1990.11
3828.36
1483.96
3488.76
3547.6
2227.89
4089.03
1192.67
3099.06
2015.88
1217.68
4103.43
3352.7
2043.1
3173.82
3809.64
1491.13
3791.51
1691.08
3339.19
2764.43
2098.56
1461.55
2695.38
3187.43
2384.93
3253.32
7168.23
3771.96
2783.42
4284.52
2819.03
1426.86
2865.59
2161.61
3026.3
1830.88
3280.88
3705.37
6048.59
2084.88
1990.02
1523.6
2028.86
4107.73
3550.09
2109.44
5087.68
3634.36
2410.76
1260.1
1112.67
1284.49
2010.88
2589.73
1542.49
2155.89
1548.38
1291.88
1212.24
2229.57
5868.39
2093.09
1713.8
1142.37
2878.88
1882.15
1548.34
4153.21
1382.41
2464.78
4907.56
1222.76
1347.01
2608.5
1484.1
4021.82
1396.15
1082.74
4142
1015.27
1706.57
3957.46
2091.67
1098.49
3120.49
2645.26
2692.21
3416.49
2072.32
2068.52
2512.04
7373.68
2974.51
1002.1
2186.32
3147.68
4433.62
2547.73
1720.62
1067.8
2080.8
2047.01
4479.57
3958.22
1453.92
2433.68
1188.34
1400.15
2105.65
5028.83
1668.91
2888.49
2466.42
1977.92
1666.52
4105.74
7515.87
4079.21
1332.45
2589.19
1438.86
1627.29
2611.03
1657.38
8841.67
2745.64
2560.14
3102.54
1572.82
2073
2772.98
4237.09
1749.99
2348.76
2034.54
4621.86
3667.61
3597.87
2808
2391.87
1311.12
1863.28
1588.62
1661.61
1352.04
3874.33
3571.2
3123.39
2483
3050.64
4539.6
6275.87
1501.31
1671.27
1399.42
4351.78
1218.46
2116.85
3364.8
4617.83
1548.11
1190.65
5742.02
3180.86
3401.76
2205.05
1654.29
998.034
1115.37
2254.68
2576.1
2461.38
5642.76
1013.94
2090.61
2080.78
2244.73
5523.4
3183.12
4964.02
3213.93
1778.19
8391.38
1140.09
3136.39
1075.54
1066.02
1814.43
2387.17
3046.64
3625.06
2734.48
2694.53
3798.86
2826.59
2775.26
2026.16
6593.59
1386.5
1444.73
3041.76
2073.92
3067.5
1674.54
5005.97
2578.07
5267.23
1551.73
1197.49
2588.79
4426.83
2560.21
3984.06
4658.5
3286.67
1413.28
3906.01
1307.79
7336.59
2795.36
6334.63
5555.12
1809.34
2694.64
1109.87
1746.32
1286.42
1175.97
2681.8
2793.66
1459.58
3216.8
3634.6
1907.76
2523.48
1869.48
2861.19
1454.21
3665.72
2537.98
1875.06
3428.05
3482.66
1148.26
5334.78
1165.79
3964.19
3313.12
5354.12
1058.43
3168.11
1239.31
3463.96
2932.46
4729.71
1029.82
2650.12
2900.16
1397.81
2846.25
3095.14
1660.54
1601
2317.26
3325.66
1239.8
2096.41
5882.6
2610.22
1164.12
3691.6
1004.83
1994.79
2925.99
2722.37
1718.11
1067.28
2756.98
1205.69
3404.73
2624.49
1074.55
2333.64
2949.62
1959.52
1230
2342.03
2254.58
4257.47
3311.03
1583.29
1183.46
2497.85
1489.33
1537.14
2993.22
2961.11
3697.85
2071.7
3447.85
2326.95
1180.87
2810.63
3947
2327.46
2026.8
1199.53
2700.36
3687.63
4928.98
4644.43
3062.99
3440.41
1658.39
1951.25
1551.02
3387.51
2719.42
1279.92
2039
1495.48
4273.41
3388.32
1622.48
1111.2
2401.68
1070.06
2904.78
1846.65
2120.06
2192.05
1198.55
2050.97
1176.55
1990.19
2220.72
1873.05
1492.97
4023.15
4743.07
1561.38
2071.39
2433.23
1179.9
4684.73
1584.46
4643.29
1757.29
2672.01
1359.46
6058.61
1850.16
1007.06
4134.05
3061.74
1864.79
2247.72
4541.92
3255.45
1875.48
1885.15
1073.31
1263.47
2020.63
2451.84
1511.27
1992.1
2131.28
3052.87
1129.96
1898.92
5432.25
1547.18
4633.33
1176.96
2234.76
1124.23
2572.12
1628.99
3627.39
2230.45
4699.71
1933.31
1802.71
2513.03
1638.26
2335.03
2351.5
1525.1
4390.28
5990.91
6075.99
3250.53
2615.96
2074.37
2196.54
2073.16
4686.01
2878.55
1092.63
1837.03
1632.9
1089.53
4463.69
3514.12
1446.04
1684.36
1147.28
3301.02
5507.37
1237.76
1098.54
1416.83
2172.77
2843.19
1165.54
989.044
2273.27
1544.16
2876.81
1099.77
4244.93
2148.69
1131.47
2027.19
2453.94
2356.06
1785.57
994.711
3362.46
1173.23
1111.73
1134.18
5102.69
1300.14
2150.11
2269.54
1453.76
1087.29
1451.67
4418.31
7230.56
2081.32
3199.6
4517.33
3820.56
3274.14
4116.3
1625.29
3580.75
2088.01
3845.9
4475.15
1418.2
2651.05
1909
2597.78
3122.3
2579.87
1758.67
1071.45
1016.92
1735.53
1647.18
3298.35
1081.64
1199.76
1410.58
1169.67
3079.24
4332.95
7580.17
2250.36
1267.14
2307.12
3680.03
6667.14
2010.56
2240.28
3543.09
1687.6
1381.39
1076.7
4126.26
1735.56
2881.44
2298.33
1618.96
3288.8
6096.73
1433.66
1173.29
1526.48
1725.78
3181.46
2390.77
4611.38
1774.69
2545.56
1187.49
2088.28
3841.64
1955.53
1075.71
4920.9
3903.62
4874.1
3391.46
1852.26
3081.11
2034.02
2595.37
1022.37
1864.62
1346.06
2876.91
3198.15
1369.78
5224.45
3116.58
5125.24
3708.08
3452.78
1419.71
3071.28
1244.05
1232.7
1739.58
1935.88
1869.99
1012.13
3712.22
1908.29
2842.94
1417.18
3459.43
1077.29
2356.28
4264.29
1374.36
2208
4125.2
2490.18
2977.2
2259.2
2221.9
1426.53
3293.85
2580.24
1612.32
1939.7
2796.34
2250.25
4065.25
3393.99
2265.17
1707.66
2121.3
1906.95
3480.74
2752.47
1668.55
2667.89
2267.47
4651.12
2485.48
2714.93
1229.94
4512.91
1699
1384.69
5496.28
1337.64
2902.89
3951.16
1953.48
2806.68
5507.72
2520.36
1738.16
3511.38
2450.77
2475.83
1199.28
1072.73
2247.07
1810.57
1185.63
2171.47
1653.57
2952.12
1769.13
3219.37
1779.17
1201.1
3092.16
3349.8
3405.04
3029.96
1150.72
4212.85
1605.45
1439.46
1505.58
3909.45
1907.82
1274.96
1503.8
2062.35
1192.37
1818.44
2117.17
3646.98
2043.68
1160.21
1890.99
3030.11
4499.17
3798.61
2913.18
2082.05
1360.06
1168.38
2315.86
1462.51
2003.8
1164.14
3846.66
1125.22
982.461
5243.22
2486.98
2608.64
1068.09
1000.33
5098.94
3880.71
2864.16
2968.84
1481.81
1916.95
2038.07
1190.35
2214.36
4104.8
2980.63
1534.07
2826.68
3597.17
2330.81
1765.89
2807.99
4863.49
2650.07
2536.87
1713.52
2839.2
2042.01
1618.59
3504.48
3551.6
2522.77
2892.88
1205.16
1126.05
2211.9
1896.92
3299.55
1051.89
2416.26
2113.34
1180.24
1340.15
1166.43
1101.61
3436.09
3678.54
2701.11
2499.37
2561.4
4713.3
4555.98
1584.72
2120.98
4200.08
1476.36
4885.05
1824.99
4211.52
1478.62
1755.88
1211.48
2105.14
1047.94
2896.89
1166.28
1213.84
1892.12
1773.83
1897.97
2871.57
1125.62
3945.41
3260.3
1081.8
6285.21
4483.98
2978.56
1492.76
3837.95
2908.76
1166.11
1357.32
2074.03
1159.69
1724.88
3411.54
4376.49
1600.31
989.391
4947.5
2859.07
1519.52
2031.2
3280.08
3519.02
1968.84
2334.74
1559.1
3848.12
2272.78
1816.68
1606.21
2851.09
5628.38
1155.22
1762.06
2387.41
1607.69
1185.4
1646
2720.46
1387.58
1144.33
2778.03
1563.63
