1153.31
2875.64
4312.22
6403.57
7637.39
9752.09
10992.1
14155
16893.3
18501.7
19762
21435.4
23805
24681.2
27298.1
29048
29231.9
31907.2
34539.5
35288.1
37741.6
40099.5
41643.4
41433.3
44474.2
44123.8
47097.3
48623.5
48914.2
52027.6
51763.9
53916
54881
58124.5
58062
59733.8
62708
60021.2
61019.6
62717.2
65330.7
64451.4
71463.8
75997.3
76865.6
78635
78143.7
78232.7
76906.3
79664.4
81289.2
87548.5
93055.4
87835.4
94663.2
103634
97152.4
95615.1
93395.3
96240.9
96432.5
100260
103208
107357
105719
110285
104199
104730
108376
107518
112388
113738
113936
124150
124981
125647
132014
131487
130733
119849
123641
124581
128007
145242
144042
142520
141495
133578
137952
144534
139483
143805
144921
143175
144885
143835
158850
155248
150536
152390
151391
158059
157110
165560
155125
159917
160958
160220
173240
177053
186232
196579
191023
187997
186282
177351
182227
183437
187409
191679
181762
185894
184507
187492
205930
195583
194288
212469
203569
203193
220877
213589
200002
202136
203745
204801
218155
224849
219357
219868
215674
224788
228599
251887
257443
254156
275041
246087
245450
247749
241922
234531
245435
243623
240422
248340
274414
277733
287303
265639
258865
260627
290418
258161
263209
263834
272841
260430
253747
250431
273261
264826
254321
251152
257632
266652
266546
254215
257755
253473
268706
270119
277131
275199
279498
276142
288108
299043
296483
288753
294713
287486
289843
309340
286109
297799
296042
319388
298983
301424
294034
309052
314769
298279
304602
311787
318434
368842
337698
324548
325070
326136
348309
323882
324998
331045
346923
325648
333804
347532
344463
347354
344799
340179
362764
388007
352645
364844
347325
397549
390946
394228
392697
366487
379106
358634
340969
350369
356518
351180
347448
345170
356734
356086
357832
372240
369368
378502
376791
384645
378140
368348
367290
377360
378988
394040
390672
442739
386364
392957
371613
403384
373162
368280
372382
377546
393770
395989
393258
392212
382430
389236
380386
381864
403413
393629
395961
374107
372822
431744
379615
407355
434990
413252
400696
402776
405439
402930
424385
396641
411561
414841
479752
413567
412179
429162
422187
418844
430207
427141
415598
407874
409896
437179
478246
429194
414064
443587
416790
408954
423035
421696
416722
399445
413152
424623
422442
425266
408970
425977
414025
439716
435763
432788
451445
417346
451167
449952
431737
484356
467888
435740
438822
511318
461843
439397
439062
439763
442247
458982
454999
452934
457002
482107
459138
473144
477234
482222
474940
486202
486680
509225
514644
520176
508246
481165
496784
486716
491347
489896
495070
487626
502008
497877
517049
491465
496565
507493
507723
526301
567914
540618
545135
558864
530215
552580
538255
508313
519673
506082
509471
527354
522178
527438
517195
524433
530854
526438
521573
528020
521524
553852
580664
573559
547333
511359
523448
532016
525942
523831
532733
527754
515947
543520
537063
531251
561383
547820
547274
544127
543564
528277
540696
567399
552674
613336
598760
544001
558027
537094
531404
542167
588014
565119
576170
626395
559431
643148
605001
607864
671086
612316
675781
648060
647965
655611
654090
681635
648656
647340
648067
660929
671483
625343
632274
654247
607620
650393
588911
649169
606123
673295
623039
641721
671244
669275
634731
635757
626891
630981
622040
679060
617166
623241
659073
674941
628823
663441
630876
654861
602048
613164
667296
663650
649708
651667
611704
646770
622363
624429
615536
697155
685253
668269
652697
673535
623651
633469
653180
692815
670380
658256
636300
636790
650002
680336
638969
665198
660456
624938
634933
649774
612866
647154
632835
644930
620954
648526
666918
667439
620257
654134
655153
664728
704404
646383
628546
735378
685560
730510
706268
694798
698613
691522
706732
690210
668451
659103
683263
669336
676322
697291
701760
664087
671952
682324
658371
705108
676257
697492
688166
694076
692558
713919
728660
738849
675392
671410
658235
685656
675688
679927
710824
709057
673151
682246
718228
708757
692471
695506
698207
654955
681786
732681
755453
709016
715249
732379
731823
718668
746036
726430
779810
729511
715754
726068
692048
719674
739415
766190
782597
789089
734724
742307
758282
740192
753884
757010
816652
727690
752927
762167
758671
760074
761118
738577
753113
806778
747138
770240
782200
740984
772923
731525
770892
775266
792847
765471
784088
777583
771811
729840
784459
779176
779854
779449
807492
823045
740509
811557
804913
782426
828446
792496
754331
778358
819902
791256
757468
776038
832146
791713
763470
853744
808756
788570
836290
822690
821065
798677
800090
788316
809911
782754
876386
832225
803480
820547
793064
814450
866269
861450
879188
884867
856894
813504
804783
855170
879342
845193
824681
806025
812648
815851
792630
826605
837581
906570
819128
829088
851013
850970
843445
834500
833466
847382
845334
824655
806425
790319
805991
808268
812480
816197
824313
834535
811335
815830
836364
835537
846447
825208
853500
834576
849457
809908
824446
835594
865322
807865
830050
840047
802162
878421
892670
901764
841647
843606
839012
833367
863504
842155
842607
828878
824373
840565
860281
842857
845960
862870
828183
860359
857507
904378
879574
855759
891656
887154
866986
869543
842574
862507
861537
872882
879859
884676
886628
902226
884997
879975
884925
875385
886578
903095
886083
875883
887268
860851
920220
900394
900558
875035
904166
930166
938526
898352
977895
940034
943382
916379
924157
939537
946406
917742
924994
934548
947696
912476
900174
987792
903912
936225
924597
902646
877223
893404
898155
917392
896077
921322
912907
862683
921065
884942
922833
928658
973010
899865
898032
934948
951832
987615
950078
980720
1.00628e+06
1.02789e+06
1.03295e+06
1.02007e+06
976417
918417
957655
962314
946876
944349
1.03463e+06
1.02895e+06
1.05255e+06
1.03453e+06
966839
966657
963083
967221
976020
989987
1.06251e+06
1.05188e+06
1.0194e+06
1.04628e+06
1.07528e+06
1.04196e+06
1.02795e+06
1.01978e+06
1.02121e+06
1.03336e+06
1.04406e+06
1.01043e+06
1.02349e+06
998240
1.01504e+06
990810
1.04366e+06
1.05418e+06
1.04537e+06
1.00799e+06
1.01101e+06
959645
958022
966728
960614
941314
964334
941028
976258
998333
1.03483e+06
979149
1.02908e+06
972159
1.0502e+06
1.04669e+06
1.0356e+06
963846
964877
1.05492e+06
1.01359e+06
1.0123e+06
979335
952386
987986
985522
976856
986441
986616
968974
1.01941e+06
1.00262e+06
1.0166e+06
1.05386e+06
1.04e+06
1.00937e+06
1.02182e+06
1.01457e+06
994501
1.01587e+06
976335
997633
993693
985307
1.00391e+06
1.03872e+06
999903
1.0292e+06
1.03134e+06
1.0207e+06
1.02211e+06
1.03944e+06
1.02461e+06
1.00693e+06
990854
1.03178e+06
1.00926e+06
1.02404e+06
1.038e+06
1.00541e+06
1.00993e+06
1.0278e+06
1.01683e+06
1.05619e+06
1.02591e+06
1.0305e+06
1.03921e+06
997633
1.06807e+06
1.05461e+06
1.01256e+06
1.06781e+06
1.01832e+06
1.0845e+06
1.05455e+06
1.05405e+06
1.02706e+06
996506
1.00138e+06
996738
1.00119e+06
1.0597e+06
1.05677e+06
1.03934e+06
1.02529e+06
1.03476e+06
997512
1.04425e+06
1.0126e+06
1.01841e+06
1.00611e+06
1.0187e+06
1.00878e+06
1.0512e+06
1.03449e+06
1.07332e+06
1.0527e+06
1.05915e+06
1.05508e+06
1.05021e+06
1.05004e+06
1.07627e+06
1.03513e+06
1.03863e+06
1.07796e+06
1.06092e+06
1.06573e+06
1.06194e+06
1.05045e+06
1.03151e+06
1.0463e+06
1.05768e+06
1.04647e+06
1.05501e+06
1.08446e+06
1.10206e+06
1.07533e+06
1.08566e+06
1.12592e+06
1.08739e+06
1.09125e+06
1.07548e+06
1.05561e+06
1.02122e+06
1.04595e+06
1.06938e+06
1.0606e+06
1.07845e+06
1.02891e+06
1.08104e+06
1.04144e+06
1.07444e+06
1.10438e+06
1.07977e+06
1.07924e+06
1.05666e+06
1.07684e+06
1.08546e+06
1.09678e+06
1.13288e+06
1.11815e+06
1.11985e+06
1.07557e+06
1.08873e+06
1.08759e+06
1.13513e+06
1.07055e+06
1.09926e+06
1.11348e+06
1.11919e+06
1.0993e+06
1.08441e+06
1.05869e+06
1.10132e+06
1.06982e+06
1.03607e+06
1.09293e+06
1.07135e+06
1.07358e+06
1.05935e+06
1.0588e+06
1.0896e+06
1.11119e+06
1.09153e+06
1.1115e+06
1.09762e+06
1.11238e+06
1.09011e+06
1.08129e+06
1.09248e+06
1.07707e+06
1.10293e+06
1.09918e+06
1.10403e+06
1.09861e+06
1.10391e+06
1.07218e+06
1.0795e+06
1.08187e+06
1.12619e+06
1.17904e+06
1.14523e+06
1.09011e+06
1.15022e+06
1.10162e+06
1.09179e+06
1.08747e+06
1.10582e+06
1.12185e+06
1.14692e+06
1.11662e+06
1.09404e+06
1.10502e+06
1.12119e+06
1.10831e+06
1.09528e+06
1.10353e+06
1.09536e+06
1.08377e+06
1.10492e+06
1.12753e+06
1.06265e+06
1.10667e+06
1.09764e+06
1.11427e+06
1.12263e+06
1.10878e+06
1.09394e+06
1.11809e+06
1.07891e+06
1.12364e+06
1.22832e+06
1.16497e+06
1.12986e+06
1.15562e+06
1.1587e+06
1.13364e+06
1.17686e+06
1.18184e+06
1.14941e+06
1.13381e+06
1.12249e+06
1.1476e+06
1.19678e+06
1.21124e+06
1.16617e+06
1.15881e+06
1.15145e+06
1.1804e+06
1.18929e+06
1.1457e+06
1.1779e+06
1.15414e+06
1.22044e+06
1.12533e+06
1.15175e+06
1.17642e+06
1.13137e+06
1.14532e+06
1.19432e+06
1.18348e+06
1.17822e+06
1.17493e+06
1.18693e+06
1.18826e+06
1.1493e+06
1.17378e+06
1.16913e+06
1.18848e+06
1.18729e+06
1.13647e+06
1.16268e+06
1.2242e+06
1.22471e+06
1.19113e+06
1.20903e+06
1.20488e+06
1.1887e+06
1.20334e+06
1.187e+06
1.18792e+06
1.21108e+06
1.31971e+06
1.21652e+06
1.19408e+06
1.17035e+06
1.18668e+06
1.18357e+06
1.2348e+06
1.19813e+06
1.19818e+06
1.17707e+06
1.22699e+06
1.21255e+06
1.21431e+06
1.26066e+06
1.27092e+06
1.21126e+06
1.19275e+06
1.22024e+06
1.25359e+06
1.23771e+06
1.16535e+06
1.21318e+06
1.20469e+06
1.22565e+06
1.22117e+06
1.21114e+06
1.22539e+06
1.23774e+06
1.27614e+06
1.24952e+06
1.20631e+06
1.22969e+06
1.27061e+06
1.25215e+06
1.23763e+06
1.23162e+06
1.2748e+06
1.2583e+06
1.25251e+06
1.23462e+06
1.27357e+06
1.26812e+06
1.24062e+06
1.27178e+06
1.26106e+06
1.2465e+06
1.2237e+06
1.2308e+06
1.33471e+06
1.23765e+06
1.22896e+06
1.26847e+06
1.26309e+06
1.26158e+06
1.2762e+06
1.27006e+06
1.25438e+06
1.20557e+06
1.2633e+06
1.28364e+06
1.30793e+06
1.23868e+06
1.2404e+06
1.25583e+06
1.2597e+06
1.20258e+06
1.23524e+06
1.27665e+06
1.26173e+06
1.24934e+06
1.28894e+06
1.31084e+06
1.27662e+06
1.24434e+06
1.27194e+06
1.28161e+06
1.29404e+06
1.24117e+06
1.29207e+06
1.28881e+06
1.29236e+06
1.25582e+06
1.261e+06
1.2934e+06
1.27617e+06
1.28977e+06
1.29822e+06
1.20662e+06
1.2338e+06
1.24731e+06
1.28752e+06
1.25838e+06
1.25945e+06
1.28414e+06
1.28091e+06
1.2932e+06
1.27225e+06
1.2774e+06
1.26653e+06
1.29477e+06
1.33152e+06
1.27319e+06
1.32241e+06
1.30213e+06
1.30878e+06
1.30119e+06
1.32701e+06
1.31132e+06
1.36095e+06
1.25397e+06
1.24111e+06
1.25224e+06
1.29482e+06
1.30451e+06
1.31024e+06
1.27038e+06
1.29655e+06
1.30153e+06
1.32484e+06
1.28238e+06
1.27601e+06
1.26143e+06
1.30522e+06
1.30669e+06
1.30198e+06
1.36056e+06
1.31338e+06
1.33584e+06
1.28206e+06
1.27672e+06
1.28768e+06
1.30193e+06
1.34854e+06
1.26319e+06
1.30016e+06
1.33559e+06
1.27953e+06
1.2629e+06
1.29376e+06
1.28643e+06
1.25538e+06
1.2852e+06
1.30261e+06
1.26871e+06
1.31247e+06
1.29324e+06
1.38341e+06
1.3471e+06
1.315e+06
1.32004e+06
1.33213e+06
1.29371e+06
1.2861e+06
1.26502e+06
1.31311e+06
1.28598e+06
1.3378e+06
1.26292e+06
1.31498e+06
1.32191e+06
1.28398e+06
1.29027e+06
1.30296e+06
1.30208e+06
1.32585e+06
1.30881e+06
1.33555e+06
1.28796e+06
1.31757e+06
1.33573e+06
1.34657e+06
1.33393e+06
1.32579e+06
1.30811e+06
1.34536e+06
1.33529e+06
1.3496e+06
1.31659e+06
1.35493e+06
1.29771e+06
1.34777e+06
1.34666e+06
1.34513e+06
1.36472e+06
1.37342e+06
1.41791e+06
1.30071e+06
1.36577e+06
1.38217e+06
1.31752e+06
1.41697e+06
1.39252e+06
1.42198e+06
1.32556e+06
1.35769e+06
1.40894e+06
1.38759e+06
1.39988e+06
1.3468e+06
1.3147e+06
1.33715e+06
1.33586e+06
1.3389e+06
1.31903e+06
1.40583e+06
1.29765e+06
1.32971e+06
1.39056e+06
1.36604e+06
1.38611e+06
1.33189e+06
1.34404e+06
1.33771e+06
1.36446e+06
1.31128e+06
1.37725e+06
1.39866e+06
1.35346e+06
1.36171e+06
1.43449e+06
1.39784e+06
1.40984e+06
1.38261e+06
1.32577e+06
1.35506e+06
1.39632e+06
1.39366e+06
1.47025e+06
1.42184e+06
1.3844e+06
1.42012e+06
1.36005e+06
1.34616e+06
1.38842e+06
1.38793e+06
1.44004e+06
1.41762e+06
1.32889e+06
1.30065e+06
1.42242e+06
1.36615e+06
1.37955e+06
1.36846e+06
1.32827e+06
1.36433e+06
1.40034e+06
1.35471e+06
1.39531e+06
1.40371e+06
1.40365e+06
1.47842e+06
1.45256e+06
1.52146e+06
1.46145e+06
1.43337e+06
1.37258e+06
1.40232e+06
1.48674e+06
1.36677e+06
1.40262e+06
1.46846e+06
1.42394e+06
1.44463e+06
1.35616e+06
1.43352e+06
1.39276e+06
1.41578e+06
1.45181e+06
1.38644e+06
1.41252e+06
1.38173e+06
1.41058e+06
1.43141e+06
1.42722e+06
1.42753e+06
1.36217e+06
1.39908e+06
1.43886e+06
1.42697e+06
1.50918e+06
1.42921e+06
1.40289e+06
1.39625e+06
1.42557e+06
1.40209e+06
1.40021e+06
1.42373e+06
1.42487e+06
1.48256e+06
1.43532e+06
1.39269e+06
1.35506e+06
1.44154e+06
1.45034e+06
1.43845e+06
1.47178e+06
1.50042e+06
1.44089e+06
1.39065e+06
1.4022e+06
1.42384e+06
1.45361e+06
1.40882e+06
1.42611e+06
1.4236e+06
1.50709e+06
1.43392e+06
1.41071e+06
1.52063e+06
1.41332e+06
1.51115e+06
1.51195e+06
1.45789e+06
1.45487e+06
1.45231e+06
1.47322e+06
1.45749e+06
1.44631e+06
1.45249e+06
1.46717e+06
1.46305e+06
1.511e+06
1.49457e+06
1.50422e+06
1.49173e+06
1.46336e+06
1.47861e+06
1.51248e+06
1.47362e+06
1.51303e+06
1.5354e+06
1.47488e+06
1.46025e+06
1.47188e+06
1.48045e+06
1.44137e+06
1.4502e+06
1.46343e+06
1.50292e+06
1.4261e+06
1.45765e+06
1.43729e+06
1.4309e+06
1.51917e+06
1.50556e+06
1.50742e+06
1.51003e+06
1.50024e+06
1.45793e+06
1.51359e+06
1.49303e+06
1.45434e+06
1.49772e+06
1.46687e+06
1.49312e+06
1.57589e+06
1.58829e+06
1.5637e+06
1.58007e+06
1.55573e+06
1.51967e+06
1.53422e+06
1.60298e+06
1.54094e+06
1.56949e+06
1.51048e+06
1.52699e+06
1.5226e+06
1.49362e+06
1.4931e+06
1.5262e+06
1.56043e+06
1.49777e+06
1.53487e+06
1.5053e+06
1.52861e+06
1.48331e+06
1.47751e+06
1.4973e+06
1.50645e+06
1.47643e+06
1.54471e+06
1.49485e+06
1.57474e+06
1.5236e+06
1.48123e+06
1.5827e+06
1.58955e+06
1.49137e+06
1.48357e+06
1.48803e+06
1.50532e+06
1.57282e+06
1.52598e+06
1.51574e+06
1.52273e+06
1.54514e+06
1.51728e+06
1.49626e+06
1.54646e+06
1.5482e+06
1.55307e+06
1.51832e+06
1.53306e+06
1.54874e+06
1.5511e+06
1.55562e+06
1.53888e+06
1.53603e+06
1.51128e+06
1.48725e+06
1.58272e+06
1.53869e+06
1.55505e+06
1.51271e+06
1.581e+06
1.53986e+06
1.54568e+06
1.57676e+06
1.59854e+06
1.51339e+06
1.52215e+06
1.59853e+06
1.6224e+06
1.5783e+06
1.5396e+06
1.60373e+06
1.5905e+06
1.54259e+06
1.50419e+06
1.54715e+06
1.4781e+06
1.58968e+06
1.54339e+06
1.61515e+06
1.63591e+06
1.57977e+06
1.61345e+06
1.57428e+06
1.63522e+06
1.57755e+06
1.58134e+06
1.58649e+06
1.58678e+06
1.58383e+06
1.55653e+06
1.56869e+06
1.62166e+06
1.54924e+06
1.58528e+06
1.55874e+06
1.60024e+06
1.68099e+06
1.58678e+06
1.58182e+06
1.5757e+06
1.5324e+06
1.56926e+06
1.57307e+06
1.55221e+06
1.61754e+06
1.58657e+06
1.63088e+06
1.5786e+06
1.64345e+06
1.61838e+06
1.57694e+06
1.64936e+06
1.62863e+06
1.55898e+06
1.61858e+06
1.56811e+06
1.66209e+06
1.57193e+06
1.61314e+06
1.59198e+06
1.63084e+06
1.66914e+06
1.54651e+06
1.60056e+06
1.54604e+06
1.66542e+06
1.65507e+06
1.59947e+06
1.57571e+06
1.65074e+06
1.63654e+06
1.58534e+06
1.67426e+06
1.62667e+06
1.61246e+06
1.61071e+06
1.60988e+06
1.60708e+06
1.56844e+06
1.59464e+06
1.56619e+06
1.59007e+06
1.58257e+06
1.62689e+06
1.70315e+06
1.61829e+06
1.55178e+06
1.66234e+06
1.64553e+06
1.61195e+06
1.61398e+06
1.65483e+06
1.59401e+06
1.66905e+06
1.66412e+06
1.60408e+06
1.68691e+06
1.59184e+06
1.66521e+06
1.59259e+06
1.63003e+06
1.59917e+06
1.60628e+06
1.61547e+06
1.5857e+06
1.65379e+06
1.60236e+06
1.59903e+06
1.61249e+06
1.60112e+06
1.64057e+06
1.62034e+06
1.6176e+06
1.66538e+06
1.68486e+06
1.66161e+06
1.60394e+06
1.63775e+06
1.63047e+06
1.63916e+06
1.65261e+06
1.61889e+06
1.67585e+06
1.66408e+06
1.65775e+06
1.6442e+06
1.60252e+06
1.66218e+06
1.68169e+06
1.66281e+06
1.60532e+06
1.70557e+06
1.73753e+06
1.73694e+06
1.63163e+06
1.62765e+06
1.67831e+06
1.60648e+06
1.69465e+06
1.64248e+06
1.65883e+06
1.58288e+06
1.72866e+06
1.74724e+06
1.65794e+06
1.66182e+06
1.77805e+06
1.62761e+06
1.62253e+06
1.64252e+06
1.67241e+06
1.68952e+06
1.69453e+06
1.63281e+06
1.62625e+06
1.65509e+06
1.78247e+06
1.7184e+06
1.67031e+06
1.69857e+06
1.63189e+06
1.63994e+06
1.68848e+06
1.62643e+06
1.61014e+06
1.66647e+06
1.67682e+06
1.68828e+06
1.6458e+06
1.64184e+06
1.66212e+06
1.66096e+06
1.70566e+06
1.61532e+06
1.6363e+06
1.67072e+06
1.69346e+06
1.74469e+06
1.61395e+06
1.60985e+06
1.62823e+06
1.64176e+06
1.6754e+06
1.67562e+06
1.7361e+06
1.74598e+06
1.76059e+06
1.68228e+06
1.69499e+06
1.62298e+06
1.68141e+06
1.65987e+06
1.76005e+06
1.71958e+06
1.80315e+06
1.66603e+06
1.77494e+06
1.72976e+06
1.6478e+06
1.81882e+06
1.79502e+06
1.70509e+06
1.774e+06
1.71908e+06
1.72374e+06
1.76915e+06
1.74685e+06
1.76483e+06
1.76657e+06
1.72156e+06
1.68e+06
1.80383e+06
1.77571e+06
1.73342e+06
1.77992e+06
1.74962e+06
1.66567e+06
1.75433e+06
1.71219e+06
1.68481e+06
1.77591e+06
1.70774e+06
1.69186e+06
1.75295e+06
1.73244e+06
1.67245e+06
1.71308e+06
1.75246e+06
1.80114e+06
1.75654e+06
1.72283e+06
1.69507e+06
1.70476e+06
1.67518e+06
1.63517e+06
1.68158e+06
1.74798e+06
1.72208e+06
1.6895e+06
1.75135e+06
1.76013e+06
1.78212e+06
1.78841e+06
1.72448e+06
1.84639e+06
1.7494e+06
1.7433e+06
1.73228e+06
1.72789e+06
1.73502e+06
1.77336e+06
1.85414e+06
1.78559e+06
1.71023e+06
1.70961e+06
1.82959e+06
1.76019e+06
1.79398e+06
1.73373e+06
1.81331e+06
1.79397e+06
1.77026e+06
1.77977e+06
1.72631e+06
1.7541e+06
1.72437e+06
1.84378e+06
1.78922e+06
1.74062e+06
1.70272e+06
1.79683e+06
1.78595e+06
1.65849e+06
1.73795e+06
1.73553e+06
1.75601e+06
1.72146e+06
1.75821e+06
1.72025e+06
1.69384e+06
1.7362e+06
1.73113e+06
1.74431e+06
1.73326e+06
1.69599e+06
1.7468e+06
1.71333e+06
1.83116e+06
1.74327e+06
1.77939e+06
1.74972e+06
1.73719e+06
1.75906e+06
1.76359e+06
1.76275e+06
1.71812e+06
1.75265e+06
1.69001e+06
1.67049e+06
1.88683e+06
1.79486e+06
1.74774e+06
1.78818e+06
1.80696e+06
1.75305e+06
1.79107e+06
1.74769e+06
1.75957e+06
1.77509e+06
1.75162e+06
1.74992e+06
1.73735e+06
1.77548e+06
1.76292e+06
1.76736e+06
1.77232e+06
1.70092e+06
1.73772e+06
1.73143e+06
1.71236e+06
1.78429e+06
1.78916e+06
1.77066e+06
1.76882e+06
1.69872e+06
1.75943e+06
1.72204e+06
1.7293e+06
1.76241e+06
1.7272e+06
1.72181e+06
1.73047e+06
1.67148e+06
1.73686e+06
1.78901e+06
1.81643e+06
1.84134e+06
1.83064e+06
1.88825e+06
1.87021e+06
1.81411e+06
1.83083e+06
1.76974e+06
1.73308e+06
1.77959e+06
1.77499e+06
1.73521e+06
1.85141e+06
1.81633e+06
1.86884e+06
1.80968e+06
1.75806e+06
1.75038e+06
1.75542e+06
1.81863e+06
1.88981e+06
1.86134e+06
1.79889e+06
1.76935e+06
1.77914e+06
1.82589e+06
1.78595e+06
1.79297e+06
1.85373e+06
1.79157e+06
1.82421e+06
1.79039e+06
1.81751e+06
1.84988e+06
1.80466e+06
1.83454e+06
1.79162e+06
1.84815e+06
1.81571e+06
1.77691e+06
1.80603e+06
1.84375e+06
1.75954e+06
1.80141e+06
1.7695e+06
1.77153e+06
1.72361e+06
1.82152e+06
1.8781e+06
1.89072e+06
1.87476e+06
1.87303e+06
1.85751e+06
1.9052e+06
1.86976e+06
1.78573e+06
1.85274e+06
1.8947e+06
1.93046e+06
1.91093e+06
1.88049e+06
1.85082e+06
1.85167e+06
1.86466e+06
1.89802e+06
1.78268e+06
1.83898e+06
1.82663e+06
1.81526e+06
1.84726e+06
1.83133e+06
1.88443e+06
1.84831e+06
1.9048e+06
1.84442e+06
1.88992e+06
1.81108e+06
1.83223e+06
1.84051e+06
1.92841e+06
1.90342e+06
1.89319e+06
1.8837e+06
1.83696e+06
1.82828e+06
1.81868e+06
1.8518e+06
1.87513e+06
1.82943e+06
1.86703e+06
1.90718e+06
1.88532e+06
1.83417e+06
1.89554e+06
1.86728e+06
1.89548e+06
1.82906e+06
1.84729e+06
1.85534e+06
1.85313e+06
1.88565e+06
1.79874e+06
1.86768e+06
1.84718e+06
1.89089e+06
1.96878e+06
1.89842e+06
1.89874e+06
1.94733e+06
1.87287e+06
1.92372e+06
1.94458e+06
1.9165e+06
1.8641e+06
1.9191e+06
1.91877e+06
1.93347e+06
1.9665e+06
1.94552e+06
1.91858e+06
1.86108e+06
1.94535e+06
1.92877e+06
1.90301e+06
1.87422e+06
1.93968e+06
1.95298e+06
1.93207e+06
1.87834e+06
1.93324e+06
1.86884e+06
1.92811e+06
1.99537e+06
1.93759e+06
1.88798e+06
1.97522e+06
1.92366e+06
1.89947e+06
1.86396e+06
1.98113e+06
1.96047e+06
1.91921e+06
1.94907e+06
1.92221e+06
1.97455e+06
2.01147e+06
1.86814e+06
1.87811e+06
1.94441e+06
1.8925e+06
1.89421e+06
1.96124e+06
1.86313e+06
1.9565e+06
1.85333e+06
1.96074e+06
1.98009e+06
1.96488e+06
1.94985e+06
1.94029e+06
1.83226e+06
1.93593e+06
1.90874e+06
1.91607e+06
1.81269e+06
1.90119e+06
1.92872e+06
1.93015e+06
1.89508e+06
1.87565e+06
1.93414e+06
1.91638e+06
1.95612e+06
1.95705e+06
1.94179e+06
1.94202e+06
1.98437e+06
1.92868e+06
1.984e+06
1.98083e+06
1.9632e+06
1.96e+06
1.92955e+06
2.04257e+06
1.82518e+06
1.91693e+06
1.89814e+06
1.91073e+06
1.95143e+06
2.01282e+06
1.88556e+06
1.97891e+06
1.95357e+06
1.93999e+06
2.00094e+06
1.98504e+06
1.93294e+06
1.88689e+06
1.97541e+06
1.97313e+06
1.89003e+06
1.90254e+06
1.95063e+06
1.95114e+06
1.94796e+06
1.99027e+06
1.9253e+06
2.02812e+06
1.96678e+06
1.96247e+06
1.96444e+06
2.02145e+06
1.9282e+06
1.96469e+06
1.96344e+06
1.97031e+06
1.9361e+06
1.97045e+06
1.94111e+06
1.91546e+06
1.90394e+06
1.99656e+06
1.9403e+06
2.04056e+06
2.06399e+06
2.08118e+06
2.06681e+06
2.00904e+06
1.98073e+06
1.9934e+06
2.0381e+06
1.97255e+06
2.02027e+06
2.00552e+06
1.92889e+06
1.95741e+06
2.00113e+06
2.04277e+06
1.98518e+06
2.01957e+06
2.00324e+06
2.02582e+06
2.03633e+06
2.0078e+06
2.04528e+06
2.06193e+06
1.97207e+06
1.96582e+06
2.00546e+06
2.03799e+06
2.06044e+06
1.96623e+06
2.00993e+06
2.04187e+06
2.04972e+06
2.01077e+06
2.04113e+06
2.0356e+06
2.04877e+06
2.02228e+06
2.11126e+06
2.11074e+06
1.91854e+06
2.02573e+06
2.09115e+06
1.99858e+06
2.15538e+06
1.95545e+06
2.02958e+06
2.0244e+06
2.06828e+06
2.0474e+06
2.0659e+06
2.03189e+06
2.08896e+06
2.02661e+06
2.06466e+06
2.01223e+06
2.04122e+06
2.06136e+06
2.02755e+06
2.12978e+06
2.07271e+06
2.0532e+06
2.01074e+06
2.08321e+06
2.08203e+06
1.97924e+06
2.06744e+06
2.0679e+06
2.00486e+06
2.09768e+06
2.04527e+06
2.06586e+06
2.0071e+06
2.05231e+06
2.02029e+06
2.11982e+06
1.94748e+06
2.05576e+06
2.046e+06
2.05456e+06
2.08659e+06
2.05892e+06
2.03775e+06
1.98087e+06
2.03194e+06
2.01011e+06
2.0393e+06
2.05631e+06
2.14083e+06
2.04792e+06
2.0746e+06
2.04647e+06
2.11584e+06
2.01244e+06
1.98175e+06
2.04653e+06
2.12616e+06
2.10838e+06
2.14432e+06
2.12477e+06
2.00076e+06
2.0936e+06
2.02394e+06
2.14324e+06
2.05784e+06
2.03479e+06
2.02333e+06
2.01509e+06
2.10554e+06
2.04353e+06
2.08573e+06
2.15108e+06
1.998e+06
2.0464e+06
2.04773e+06
2.01806e+06
2.12007e+06
2.04809e+06
2.15565e+06
2.12935e+06
2.10716e+06
2.20033e+06
2.12915e+06
2.13437e+06
2.19146e+06
2.16392e+06
2.11998e+06
2.16136e+06
2.11091e+06
2.16068e+06
2.10443e+06
2.09232e+06
2.16667e+06
2.08452e+06
2.13829e+06
2.06229e+06
2.0114e+06
2.17578e+06
2.09438e+06
2.05347e+06
2.12627e+06
2.10354e+06
2.05975e+06
2.03389e+06
2.0173e+06
2.09879e+06
2.13366e+06
2.05237e+06
2.0066e+06
2.12975e+06
2.1671e+06
2.17036e+06
2.12017e+06
2.09886e+06
2.11395e+06
2.16945e+06
2.105e+06
2.1909e+06
2.16492e+06
2.29571e+06
2.17959e+06
2.27108e+06
2.13658e+06
2.25241e+06
2.18728e+06
2.17239e+06
2.13302e+06
2.10664e+06
2.25085e+06
2.16076e+06
2.13069e+06
2.18653e+06
2.195e+06
2.24054e+06
2.21571e+06
2.1565e+06
2.13841e+06
2.14259e+06
2.21227e+06
2.23449e+06
2.06964e+06
2.08341e+06
2.17677e+06
2.12173e+06
2.14535e+06
2.28151e+06
2.09018e+06
2.0655e+06
2.09706e+06
2.09936e+06
2.12049e+06
2.10783e+06
2.16169e+06
2.17208e+06
2.14549e+06
2.21614e+06
2.11643e+06
2.16975e+06
2.04457e+06
2.08475e+06
2.11953e+06
2.0549e+06
2.21935e+06
2.13186e+06
2.06778e+06
2.04683e+06
2.191e+06
2.22402e+06
2.18082e+06
2.1867e+06
2.09575e+06
2.15579e+06
2.10884e+06
2.12504e+06
2.12194e+06
2.17637e+06
2.2022e+06
2.10171e+06
2.19807e+06
2.11129e+06
2.16599e+06
2.24984e+06
2.17631e+06
2.28511e+06
2.13284e+06
2.24982e+06
2.1932e+06
2.25157e+06
2.08535e+06
2.12631e+06
2.21391e+06
2.13312e+06
2.18162e+06
2.2272e+06
2.23853e+06
2.26138e+06
2.16018e+06
2.18721e+06
2.2297e+06
2.14791e+06
2.17136e+06
2.17437e+06
2.19131e+06
2.15111e+06
2.1944e+06
2.23257e+06
2.22063e+06
2.20834e+06
2.21078e+06
2.21239e+06
2.17427e+06
2.16121e+06
2.23628e+06
2.21941e+06
2.17883e+06
2.19656e+06
2.23772e+06
2.23002e+06
2.23432e+06
2.11048e+06
2.15401e+06
2.25202e+06
2.24686e+06
2.17479e+06
2.24208e+06
2.25008e+06
2.19846e+06
2.32743e+06
2.26043e+06
2.1666e+06
2.20621e+06
2.28066e+06
2.25079e+06
2.14823e+06
2.1914e+06
2.24045e+06
2.2715e+06
2.12202e+06
2.18086e+06
2.26622e+06
2.15535e+06
2.30962e+06
2.19716e+06
2.14096e+06
2.17283e+06
2.22413e+06
2.21796e+06
2.31869e+06
2.2407e+06
2.19021e+06
2.28249e+06
2.28759e+06
2.20047e+06
2.21985e+06
2.22777e+06
2.12192e+06
2.28533e+06
2.28682e+06
2.26725e+06
2.29661e+06
2.22759e+06
2.32725e+06
2.28653e+06
2.18804e+06
2.16827e+06
2.22645e+06
2.25599e+06
2.19497e+06
2.29968e+06
2.1452e+06
2.29384e+06
2.2198e+06
2.19882e+06
2.26026e+06
2.14875e+06
2.23636e+06
2.22517e+06
2.21541e+06
2.18656e+06
2.24793e+06
2.25843e+06
2.17906e+06
2.20926e+06
2.36827e+06
2.30081e+06
2.2053e+06
2.22883e+06
2.27512e+06
2.20673e+06
2.26134e+06
2.18739e+06
2.26797e+06
2.26544e+06
2.27392e+06
2.33351e+06
2.33841e+06
2.32225e+06
2.26621e+06
2.3284e+06
2.18389e+06
2.17038e+06
2.2626e+06
2.25074e+06
2.19632e+06
2.2047e+06
2.22273e+06
2.1959e+06
2.24407e+06
2.23823e+06
2.17763e+06
2.31003e+06
2.26336e+06
2.23921e+06
2.23592e+06
2.23451e+06
2.11783e+06
2.21571e+06
2.33297e+06
2.2769e+06
2.28968e+06
2.22747e+06
2.35257e+06
2.36408e+06
2.28859e+06
2.33814e+06
2.32805e+06
2.25183e+06
2.29789e+06
2.2216e+06
2.24728e+06
2.37545e+06
2.31542e+06
2.41064e+06
2.23762e+06
2.33562e+06
2.33517e+06
2.2936e+06
2.39295e+06
2.28302e+06
2.37151e+06
2.33088e+06
2.23881e+06
2.32204e+06
2.32641e+06
2.17768e+06
2.31015e+06
2.2492e+06
2.39528e+06
2.25824e+06
2.24031e+06
2.29536e+06
2.26839e+06
2.22789e+06
2.29701e+06
2.35901e+06
2.24142e+06
2.27487e+06
2.19498e+06
2.34377e+06
2.4084e+06
2.29702e+06
2.41999e+06
2.25025e+06
2.25437e+06
2.33494e+06
2.36043e+06
2.37188e+06
2.37619e+06
2.29938e+06
2.27581e+06
2.30673e+06
2.30799e+06
2.39558e+06
2.30816e+06
2.37063e+06
2.40617e+06
2.26863e+06
2.27917e+06
2.31608e+06
2.33526e+06
2.39475e+06
2.36479e+06
2.28998e+06
2.31233e+06
2.32257e+06
2.29693e+06
2.35217e+06
2.37608e+06
2.38419e+06
2.22471e+06
2.2462e+06
2.27793e+06
2.26967e+06
2.43857e+06
2.48889e+06
2.36416e+06
2.45545e+06
2.3407e+06
2.40804e+06
2.30886e+06
2.26863e+06
2.28018e+06
2.38298e+06
2.30938e+06
2.34363e+06
2.31632e+06
2.25779e+06
2.20413e+06
2.24096e+06
2.28559e+06
2.28368e+06
2.39318e+06
2.25804e+06
2.25574e+06
2.2117e+06
2.23915e+06
2.42015e+06
2.32286e+06
2.34436e+06
2.27722e+06
2.35356e+06
2.32958e+06
2.30567e+06
2.32194e+06
2.24095e+06
2.31757e+06
2.22799e+06
2.46271e+06
2.38137e+06
2.26189e+06
2.30835e+06
2.35656e+06
2.23818e+06
2.26071e+06
2.45465e+06
2.52451e+06
2.34797e+06
2.4155e+06
2.24894e+06
2.30429e+06
2.20102e+06
2.45786e+06
2.38276e+06
2.34644e+06
2.40425e+06
2.34804e+06
2.36186e+06
2.26987e+06
2.37281e+06
2.29181e+06
2.53395e+06
2.47545e+06
2.39896e+06
2.3672e+06
2.44941e+06
2.3229e+06
2.40642e+06
2.39101e+06
2.34491e+06
2.37209e+06
2.365e+06
2.39825e+06
2.35969e+06
2.37264e+06
2.42312e+06
2.32192e+06
2.43672e+06
2.40107e+06
2.32945e+06
2.45771e+06
2.42294e+06
2.3916e+06
2.43209e+06
2.41536e+06
2.31185e+06
2.4696e+06
2.34414e+06
2.34786e+06
2.34077e+06
2.38237e+06
2.38132e+06
2.46257e+06
2.43796e+06
2.46359e+06
2.30673e+06
2.42833e+06
2.37255e+06
2.34164e+06
2.51172e+06
2.36751e+06
2.34642e+06
2.33283e+06
2.43413e+06
2.28161e+06
2.50667e+06
2.50243e+06
2.4784e+06
2.37595e+06
2.35634e+06
2.28376e+06
2.35814e+06
2.42586e+06
2.41174e+06
2.44005e+06
2.4211e+06
2.55844e+06
2.2361e+06
2.37279e+06
2.43022e+06
2.4142e+06
2.41281e+06
2.51637e+06
2.44993e+06
2.47831e+06
2.41992e+06
2.54865e+06
2.46537e+06
2.42815e+06
2.41054e+06
2.4598e+06
2.47281e+06
2.32272e+06
2.43991e+06
2.50208e+06
2.25381e+06
2.4688e+06
2.30301e+06
2.41993e+06
2.39745e+06
2.46367e+06
2.45409e+06
2.39354e+06
2.45088e+06
2.49722e+06
2.47743e+06
2.43238e+06
2.46664e+06
2.4876e+06
2.47778e+06
2.55401e+06
2.42555e+06
2.5364e+06
2.46442e+06
2.51699e+06
2.49525e+06
2.52732e+06
2.46844e+06
2.45112e+06
2.478e+06
2.43353e+06
2.46136e+06
2.46282e+06
2.39237e+06
2.45301e+06
2.48607e+06
2.55403e+06
2.52376e+06
2.49531e+06
2.57933e+06
2.47766e+06
2.46166e+06
2.53568e+06
2.40563e+06
2.40609e+06
2.46292e+06
2.38944e+06
2.49294e+06
2.40938e+06
2.47332e+06
2.55395e+06
2.48937e+06
2.55621e+06
2.50204e+06
2.48965e+06
2.51107e+06
2.5442e+06
2.43454e+06
2.51773e+06
2.55058e+06
2.49696e+06
2.43677e+06
2.54719e+06
2.41867e+06
2.48211e+06
2.48805e+06
2.57416e+06
2.54251e+06
2.45977e+06
2.42309e+06
2.4632e+06
2.60727e+06
2.46733e+06
2.51014e+06
2.62874e+06
2.56318e+06
2.52616e+06
2.57869e+06
2.40225e+06
2.48219e+06
2.54573e+06
2.51675e+06
2.54556e+06
2.62249e+06
2.53477e+06
2.51917e+06
2.37451e+06
2.53845e+06
2.36566e+06
2.51959e+06
2.43026e+06
2.45604e+06
2.43448e+06
2.58675e+06
2.45074e+06
2.54036e+06
2.58459e+06
2.46409e+06
2.50754e+06
2.45352e+06
2.45045e+06
2.51659e+06
2.54158e+06
2.5108e+06
2.46447e+06
2.44312e+06
2.4204e+06
2.39841e+06
2.47883e+06
2.34693e+06
2.49075e+06
2.46991e+06
2.47257e+06
2.55935e+06
2.48629e+06
2.40805e+06
2.52089e+06
2.5067e+06
2.58555e+06
2.5527e+06
2.46762e+06
2.39888e+06
2.51001e+06
2.49751e+06
2.62726e+06
2.4772e+06
2.56584e+06
2.43385e+06
2.48243e+06
2.54053e+06
2.44096e+06
2.4199e+06
2.58448e+06
2.62741e+06
2.7044e+06
2.4762e+06
2.51295e+06
2.51442e+06
2.6337e+06
2.49839e+06
2.59802e+06
2.51006e+06
2.51384e+06
2.4735e+06
2.54141e+06
2.60599e+06
2.4714e+06
2.42519e+06
2.50631e+06
2.52857e+06
2.63225e+06
2.79872e+06
2.60406e+06
2.51675e+06
2.52933e+06
2.55085e+06
2.50832e+06
2.60027e+06
2.50528e+06
2.57455e+06
2.61123e+06
2.47296e+06
2.63268e+06
2.49328e+06
2.55602e+06
2.52032e+06
2.67758e+06
2.58945e+06
2.6905e+06
2.612e+06
2.59229e+06
2.46637e+06
2.59431e+06
2.54909e+06
2.40286e+06
2.56983e+06
2.51849e+06
2.65451e+06
2.58568e+06
2.60479e+06
2.6052e+06
2.6192e+06
2.49433e+06
2.50609e+06
2.59908e+06
2.55689e+06
2.52667e+06
2.46667e+06
2.5401e+06
2.63332e+06
2.6478e+06
2.50291e+06
2.61767e+06
2.54138e+06
2.57094e+06
2.5325e+06
2.60861e+06
2.59071e+06
2.55952e+06
2.57151e+06
2.58097e+06
2.63463e+06
2.54331e+06
2.65339e+06
2.62087e+06
2.78236e+06
2.65646e+06
2.60621e+06
2.5129e+06
2.52805e+06
2.49671e+06
2.63418e+06
2.63964e+06
2.56574e+06
2.51784e+06
2.51682e+06
2.57237e+06
2.5858e+06
2.57328e+06
2.5847e+06
2.57539e+06
2.48147e+06
2.53145e+06
2.7186e+06
2.51814e+06
2.62908e+06
2.5153e+06
2.69764e+06
2.60199e+06
2.58072e+06
2.58058e+06
2.60097e+06
2.55115e+06
2.58238e+06
2.56509e+06
2.58873e+06
2.65751e+06
2.63565e+06
2.6972e+06
2.54505e+06
2.61236e+06
2.38329e+06
2.58242e+06
2.60219e+06
2.54559e+06
2.52397e+06
2.70026e+06
2.54378e+06
2.71065e+06
2.70262e+06
2.70828e+06
2.65731e+06
2.49502e+06
2.61902e+06
2.59556e+06
2.52109e+06
2.69602e+06
2.64935e+06
2.71369e+06
2.67002e+06
2.64352e+06
2.62387e+06
2.70992e+06
2.63931e+06
2.63334e+06
2.69055e+06
2.61196e+06
2.61221e+06
2.56403e+06
2.68493e+06
2.58295e+06
2.58147e+06
2.61709e+06
2.7142e+06
2.72408e+06
2.77996e+06
2.71833e+06
2.62323e+06
2.644e+06
2.7128e+06
2.76818e+06
2.64827e+06
2.6415e+06
2.55156e+06
2.64721e+06
2.71495e+06
2.68598e+06
2.72016e+06
2.75919e+06
2.76576e+06
2.63332e+06
2.69647e+06
2.57257e+06
2.62164e+06
2.73449e+06
2.71053e+06
2.53943e+06
2.76914e+06
2.64634e+06
2.65927e+06
2.71801e+06
2.63583e+06
2.68162e+06
2.56959e+06
2.53112e+06
2.72556e+06
2.76257e+06
2.57295e+06
2.66445e+06
2.79472e+06
2.65287e+06
2.66148e+06
2.72162e+06
2.70426e+06
2.60217e+06
2.56765e+06
2.68679e+06
2.64927e+06
2.54003e+06
2.6422e+06
2.60502e+06
2.65835e+06
2.74369e+06
2.76914e+06
2.55734e+06
2.81397e+06
2.72309e+06
2.69697e+06
2.78273e+06
2.78646e+06
2.55462e+06
2.5564e+06
2.71322e+06
2.82424e+06
2.64993e+06
2.63934e+06
2.66464e+06
2.68662e+06
2.74738e+06
2.62456e+06
2.64653e+06
2.74467e+06
2.71352e+06
2.65205e+06
2.75734e+06
2.79014e+06
2.72698e+06
2.78688e+06
2.7164e+06
2.78517e+06
2.69709e+06
2.71316e+06
2.62706e+06
2.63171e+06
2.69823e+06
2.70919e+06
2.72095e+06
2.68331e+06
2.83454e+06
2.77182e+06
2.73575e+06
2.72575e+06
2.7141e+06
2.75187e+06
2.63417e+06
2.75464e+06
2.78314e+06
2.7993e+06
2.6939e+06
2.8913e+06
2.61461e+06
2.89463e+06
2.75871e+06
2.77921e+06
2.73958e+06
2.7652e+06
2.73311e+06
2.76611e+06
2.76937e+06
2.71553e+06
2.83702e+06
2.80224e+06
2.72777e+06
2.72484e+06
2.7912e+06
2.74401e+06
2.7937e+06
2.73911e+06
2.66775e+06
2.7365e+06
2.63858e+06
2.66543e+06
2.65655e+06
2.59689e+06
2.7803e+06
2.52553e+06
2.75234e+06
2.7204e+06
2.65008e+06
2.7857e+06
2.73434e+06
2.71156e+06
2.60691e+06
2.72113e+06
2.77207e+06
2.80458e+06
2.64794e+06
2.72518e+06
2.6535e+06
2.64757e+06
2.67529e+06
2.6704e+06
2.66914e+06
2.68724e+06
2.6697e+06
2.64267e+06
2.60791e+06
2.79054e+06
2.5785e+06
2.76095e+06
2.72756e+06
2.69264e+06
2.79079e+06
2.75638e+06
2.78138e+06
2.80241e+06
2.771e+06
2.8048e+06
2.69439e+06
2.62642e+06
2.65102e+06
2.75827e+06
2.63646e+06
2.80571e+06
2.80113e+06
2.77066e+06
2.6331e+06
2.72469e+06
2.69335e+06
2.69579e+06
2.75754e+06
2.59354e+06
2.81126e+06
2.82072e+06
2.76513e+06
2.68406e+06
2.77755e+06
2.77914e+06
2.68175e+06
2.74822e+06
2.65916e+06
2.77657e+06
2.78649e+06
2.9356e+06
2.73943e+06
2.82659e+06
2.69792e+06
2.81019e+06
2.93013e+06
2.94866e+06
2.87806e+06
2.80626e+06
2.75999e+06
2.82775e+06
2.91393e+06
2.83166e+06
2.87327e+06
3.00513e+06
2.75263e+06
2.87584e+06
2.85061e+06
2.76709e+06
2.81288e+06
2.71745e+06
2.78929e+06
2.84689e+06
2.85429e+06
2.78808e+06
2.90821e+06
2.87285e+06
2.86034e+06
2.78543e+06
2.81187e+06
2.97925e+06
2.67592e+06
2.82693e+06
2.75473e+06
2.81392e+06
2.83038e+06
2.79054e+06
2.70056e+06
2.77772e+06
2.8249e+06
2.77636e+06
2.82446e+06
2.77631e+06
2.79928e+06
2.86118e+06
2.84414e+06
2.76451e+06
2.7843e+06
2.63759e+06
2.7595e+06
2.71705e+06
2.80234e+06
2.84401e+06
2.7559e+06
2.80584e+06
2.91926e+06
2.8351e+06
2.83157e+06
2.85236e+06
2.66145e+06
2.88809e+06
2.74795e+06
2.6527e+06
2.71974e+06
2.80491e+06
2.75887e+06
2.74342e+06
2.71493e+06
2.83594e+06
2.75649e+06
2.66283e+06
2.68383e+06
2.64524e+06
2.83301e+06
2.80806e+06
2.7684e+06
2.74535e+06
2.7849e+06
2.64836e+06
2.75924e+06
2.75169e+06
2.75098e+06
2.81275e+06
2.7967e+06
2.79403e+06
2.80636e+06
2.8243e+06
2.77359e+06
2.73273e+06
2.77522e+06
2.81347e+06
2.81828e+06
2.7871e+06
2.80463e+06
2.77789e+06
2.82027e+06
2.728e+06
2.66458e+06
2.79193e+06
2.80622e+06
2.75453e+06
2.86286e+06
2.81537e+06
2.69599e+06
2.922e+06
2.72783e+06
2.72454e+06
2.88633e+06
2.75929e+06
2.70262e+06
2.72912e+06
2.90057e+06
2.8239e+06
2.73346e+06
2.76241e+06
2.73983e+06
2.70463e+06
2.92799e+06
2.80776e+06
2.89908e+06
2.8028e+06
2.78451e+06
2.94311e+06
2.72824e+06
2.75746e+06
2.92147e+06
2.85328e+06
2.84722e+06
2.77075e+06
2.85715e+06
2.83215e+06
2.85069e+06
2.8561e+06
2.84953e+06
2.79987e+06
2.96013e+06
2.86389e+06
2.8764e+06
2.8894e+06
2.77967e+06
2.78749e+06
2.84344e+06
2.85391e+06
2.82515e+06
2.85894e+06
2.87792e+06
2.80458e+06
2.893e+06
2.97141e+06
2.90289e+06
2.73249e+06
2.90751e+06
2.70467e+06
2.86021e+06
2.9699e+06
2.803e+06
2.83947e+06
2.94469e+06
2.86924e+06
2.76356e+06
2.97139e+06
2.77067e+06
2.83171e+06
2.81027e+06
2.94933e+06
2.93733e+06
2.93413e+06
2.83515e+06
2.85963e+06
2.96721e+06
2.78394e+06
2.75696e+06
2.6636e+06
2.76686e+06
2.83357e+06
2.80913e+06
2.84471e+06
2.8744e+06
2.82723e+06
2.7855e+06
2.75489e+06
2.77852e+06
2.86111e+06
2.68738e+06
2.77283e+06
2.81419e+06
2.76157e+06
2.84679e+06
2.81777e+06
2.80384e+06
2.97479e+06
2.82746e+06
2.90728e+06
2.84947e+06
2.7926e+06
2.81787e+06
2.7364e+06
2.87121e+06
2.92343e+06
2.86444e+06
2.85208e+06
2.75012e+06
2.80372e+06
2.80788e+06
2.8645e+06
2.74108e+06
2.76902e+06
2.81299e+06
2.78964e+06
2.79467e+06
2.73082e+06
2.80592e+06
2.8337e+06
2.72543e+06
2.81885e+06
2.87701e+06
2.69039e+06
2.80886e+06
2.72823e+06
2.86679e+06
2.81258e+06
2.76066e+06
2.82769e+06
2.78534e+06
2.80464e+06
2.77396e+06
2.80918e+06
2.82543e+06
2.84457e+06
2.93793e+06
2.90098e+06
2.76018e+06
2.7856e+06
2.66532e+06
2.84772e+06
2.87502e+06
2.83827e+06
2.76275e+06
2.89981e+06
2.84265e+06
2.9015e+06
2.78812e+06
2.81985e+06
2.77662e+06
2.80572e+06
2.66264e+06
2.90797e+06
3.02728e+06
2.93339e+06
2.86473e+06
2.87337e+06
2.97544e+06
2.94162e+06
2.88294e+06
3.02664e+06
3.06875e+06
3.00201e+06
2.98794e+06
3.01678e+06
3.01386e+06
2.9615e+06
3.04709e+06
2.8042e+06
3.00321e+06
2.94804e+06
3.00484e+06
2.87761e+06
2.8998e+06
2.93271e+06
2.93948e+06
3.03133e+06
3.05993e+06
2.94848e+06
2.86637e+06
2.90795e+06
2.92304e+06
2.89971e+06
2.91765e+06
2.93436e+06
2.95588e+06
2.90158e+06
2.90565e+06
2.96003e+06
3.00674e+06
2.9354e+06
3.02903e+06
2.95792e+06
2.98712e+06
2.96417e+06
2.97943e+06
2.86714e+06
2.77277e+06
2.97949e+06
2.83741e+06
2.94012e+06
2.98435e+06
2.84456e+06
2.89145e+06
2.93222e+06
2.9068e+06
2.9046e+06
2.91263e+06
2.78246e+06
2.93904e+06
2.72054e+06
2.94846e+06
3.01e+06
2.89484e+06
3.01223e+06
2.86468e+06
2.93335e+06
2.86663e+06
2.91648e+06
2.99806e+06
2.95952e+06
2.81765e+06
2.729e+06
2.88988e+06
2.95194e+06
2.83263e+06
2.83813e+06
2.96324e+06
2.92227e+06
2.96824e+06
2.92031e+06
2.83712e+06
2.98867e+06
2.89457e+06
2.91161e+06
2.83649e+06
2.97378e+06
2.94803e+06
2.97648e+06
2.89858e+06
2.94504e+06
2.85552e+06
2.98832e+06
2.92791e+06
2.95506e+06
2.95824e+06
2.83607e+06
2.88595e+06
2.89344e+06
3.00844e+06
2.88589e+06
2.87711e+06
2.8613e+06
2.95421e+06
2.90782e+06
2.92676e+06
3.041e+06
2.87713e+06
2.81612e+06
2.95146e+06
2.94303e+06
2.95852e+06
3.03373e+06
2.97842e+06
2.91291e+06
2.95907e+06
2.94741e+06
2.89104e+06
2.85425e+06
2.9051e+06
2.86738e+06
2.94584e+06
2.98488e+06
2.89498e+06
2.98445e+06
2.98916e+06
2.92351e+06
2.89221e+06
3.00991e+06
2.90124e+06
2.92729e+06
2.8336e+06
2.95798e+06
2.88956e+06
2.91056e+06
2.95271e+06
3.00802e+06
2.97947e+06
2.92913e+06
2.81763e+06
2.97186e+06
3.0622e+06
3.07117e+06
3.00337e+06
3.03828e+06
3.07514e+06
2.99199e+06
2.85597e+06
2.95348e+06
2.85933e+06
2.95867e+06
2.96127e+06
2.98847e+06
2.96895e+06
3.03158e+06
2.99416e+06
2.92906e+06
3.01048e+06
3.05498e+06
3.02713e+06
3.024e+06
2.9721e+06
3.06018e+06
3.08422e+06
3.02057e+06
2.97041e+06
2.96607e+06
3.01066e+06
3.10637e+06
2.98497e+06
2.93413e+06
2.83353e+06
2.92833e+06
3.01449e+06
2.98741e+06
2.84646e+06
2.9889e+06
3.20956e+06
3.04238e+06
3.01959e+06
3.09185e+06
3.0292e+06
3.09384e+06
2.94808e+06
3.06658e+06
3.01088e+06
2.88138e+06
2.96056e+06
3.04473e+06
2.96192e+06
3.09088e+06
2.98671e+06
3.04253e+06
2.89145e+06
2.91647e+06
2.96e+06
3.06505e+06
2.94864e+06
3.11761e+06
3.02155e+06
3.05797e+06
3.10162e+06
3.05611e+06
3.02525e+06
2.99336e+06
3.04787e+06
3.01082e+06
3.10315e+06
2.98332e+06
3.01403e+06
3.01283e+06
3.10266e+06
2.90726e+06
2.95474e+06
3.0296e+06
3.01939e+06
3.12624e+06
3.14588e+06
3.13963e+06
3.01403e+06
3.07819e+06
2.89823e+06
2.96402e+06
2.97711e+06
3.09512e+06
2.88673e+06
3.05452e+06
2.88066e+06
2.97003e+06
2.97272e+06
3.05772e+06
3.01218e+06
2.86099e+06
3.02527e+06
2.88901e+06
2.96637e+06
2.91287e+06
2.9907e+06
2.92544e+06
3.02208e+06
2.9882e+06
2.86732e+06
2.98605e+06
2.90477e+06
2.91919e+06
2.81581e+06
2.91936e+06
2.96839e+06
2.87997e+06
2.98316e+06
2.94526e+06
3.01961e+06
3.15504e+06
3.16061e+06
2.98164e+06
2.98631e+06
2.98851e+06
2.88619e+06
3.05343e+06
2.87077e+06
3.05406e+06
2.98929e+06
3.02001e+06
2.91335e+06
3.05125e+06
2.87739e+06
2.98921e+06
2.97278e+06
2.97434e+06
3.00972e+06
3.01807e+06
2.92854e+06
2.97682e+06
2.94504e+06
2.98982e+06
2.97253e+06
2.93391e+06
2.97181e+06
2.91198e+06
2.99939e+06
3.14632e+06
2.9376e+06
3.01219e+06
3.04174e+06
3.00263e+06
3.096e+06
3.05074e+06
3.08887e+06
3.28344e+06
3.41158e+06
3.18463e+06
3.2135e+06
3.1028e+06
3.04695e+06
3.12734e+06
3.05681e+06
3.14087e+06
2.94198e+06
2.92303e+06
3.07908e+06
3.08485e+06
3.29821e+06
3.02014e+06
3.0489e+06
3.07321e+06
3.0792e+06
3.05359e+06
3.16083e+06
3.22771e+06
3.21829e+06
3.26426e+06
3.10263e+06
3.16463e+06
3.23652e+06
3.41935e+06
3.16211e+06
3.26197e+06
3.22782e+06
3.10532e+06
3.12103e+06
3.11869e+06
3.09972e+06
3.23678e+06
3.53968e+06
3.16096e+06
3.08209e+06
2.85192e+06
3.14251e+06
3.09593e+06
3.23336e+06
3.16271e+06
3.09655e+06
3.19044e+06
3.09615e+06
3.10861e+06
3.20584e+06
3.13878e+06
3.05382e+06
3.17156e+06
3.11169e+06
3.16142e+06
3.10097e+06
3.28997e+06
3.19926e+06
3.27112e+06
3.14379e+06
3.10534e+06
3.14827e+06
3.20488e+06
3.1175e+06
3.18661e+06
3.25579e+06
3.10746e+06
3.21518e+06
3.05205e+06
3.17088e+06
3.05849e+06
3.13451e+06
3.08826e+06
3.11153e+06
3.18569e+06
3.27538e+06
3.22929e+06
3.09257e+06
3.13927e+06
3.15021e+06
3.21614e+06
3.1667e+06
3.23922e+06
3.07503e+06
3.22796e+06
3.13643e+06
3.26391e+06
3.26265e+06
3.1843e+06
3.11352e+06
3.02926e+06
3.17018e+06
3.18882e+06
3.08943e+06
3.21443e+06
3.18207e+06
3.12482e+06
3.0626e+06
3.12322e+06
3.18852e+06
3.18223e+06
3.10678e+06
3.10018e+06
3.24857e+06
3.23935e+06
3.12933e+06
3.26078e+06
3.34496e+06
3.12624e+06
3.27078e+06
3.22008e+06
3.17271e+06
3.24825e+06
3.06384e+06
3.03079e+06
3.27593e+06
3.24816e+06
3.00036e+06
3.27682e+06
3.08886e+06
3.34344e+06
3.23691e+06
3.3836e+06
3.03351e+06
3.14126e+06
3.08762e+06
3.15442e+06
3.21151e+06
3.33932e+06
3.07483e+06
3.08984e+06
3.16022e+06
3.00512e+06
3.12246e+06
3.22014e+06
3.08321e+06
3.06663e+06
3.1582e+06
3.19862e+06
3.13677e+06
3.17529e+06
3.27022e+06
3.15982e+06
3.07953e+06
3.23722e+06
3.20873e+06
3.0831e+06
3.13047e+06
3.09083e+06
3.30765e+06
3.16163e+06
3.11446e+06
3.10105e+06
3.19029e+06
3.28065e+06
3.416e+06
3.20378e+06
3.1201e+06
3.22979e+06
3.13151e+06
3.22275e+06
3.3848e+06
3.29825e+06
3.24181e+06
3.45723e+06
3.15795e+06
3.28066e+06
3.1754e+06
3.31037e+06
3.24977e+06
3.33763e+06
3.58885e+06
3.35871e+06
3.19659e+06
3.27956e+06
3.31454e+06
3.05881e+06
3.18444e+06
3.15056e+06
3.20584e+06
3.28804e+06
3.07941e+06
3.14262e+06
3.18051e+06
3.13991e+06
3.279e+06
3.29878e+06
3.3112e+06
3.32161e+06
3.18357e+06
3.28146e+06
3.20513e+06
3.12559e+06
3.22747e+06
3.22327e+06
3.25252e+06
3.09905e+06
3.26211e+06
3.22063e+06
3.23093e+06
3.25173e+06
3.23436e+06
3.25451e+06
3.09444e+06
3.21219e+06
3.05993e+06
3.20448e+06
3.22898e+06
3.28268e+06
3.36064e+06
3.20311e+06
3.21337e+06
3.31147e+06
3.15381e+06
3.2349e+06
3.37613e+06
3.16167e+06
3.24092e+06
3.35404e+06
3.16204e+06
3.20147e+06
3.24795e+06
3.24161e+06
3.06795e+06
3.16677e+06
3.23813e+06
3.29498e+06
3.26202e+06
3.2213e+06
3.23882e+06
3.2222e+06
3.30538e+06
3.19155e+06
3.25298e+06
3.27419e+06
3.24735e+06
3.29436e+06
3.22965e+06
3.17338e+06
3.23749e+06
3.41232e+06
3.3098e+06
3.32862e+06
3.36599e+06
3.29725e+06
3.28054e+06
3.24712e+06
3.26528e+06
3.30915e+06
3.2444e+06
3.25147e+06
2.9107e+06
3.26962e+06
3.51582e+06
3.38864e+06
3.30301e+06
3.24058e+06
3.35644e+06
3.51375e+06
3.43841e+06
3.35129e+06
3.42755e+06
3.40327e+06
3.30808e+06
3.18424e+06
3.24466e+06
3.41508e+06
3.48726e+06
3.211e+06
3.36473e+06
3.34e+06
3.46125e+06
3.40853e+06
3.25045e+06
3.37133e+06
3.33155e+06
3.29558e+06
3.41324e+06
3.39207e+06
3.38206e+06
3.31354e+06
3.48277e+06
3.36163e+06
3.48714e+06
3.09727e+06
3.28943e+06
3.33828e+06
3.12747e+06
3.30318e+06
3.17932e+06
3.15112e+06
3.36919e+06
3.21885e+06
3.27223e+06
3.27524e+06
3.43195e+06
3.40953e+06
3.49104e+06
3.4467e+06
3.47971e+06
3.50104e+06
3.31071e+06
3.44991e+06
3.47477e+06
3.54203e+06
3.18404e+06
3.4722e+06
3.54015e+06
3.45007e+06
3.45786e+06
3.63339e+06
3.42055e+06
3.32185e+06
3.32646e+06
3.46736e+06
3.30054e+06
3.30024e+06
3.45643e+06
3.31864e+06
3.23594e+06
3.38709e+06
3.3815e+06
3.22303e+06
3.26954e+06
3.3866e+06
3.21762e+06
3.24801e+06
3.38845e+06
3.33989e+06
3.23136e+06
3.3026e+06
3.3484e+06
3.2821e+06
3.31773e+06
3.26613e+06
3.41959e+06
3.31495e+06
3.4033e+06
3.34699e+06
3.45047e+06
3.48291e+06
3.24026e+06
3.47272e+06
3.497e+06
3.25465e+06
3.26817e+06
3.25834e+06
3.23584e+06
3.34868e+06
3.33568e+06
3.40059e+06
3.40798e+06
3.32411e+06
3.33715e+06
3.26795e+06
3.36683e+06
3.47129e+06
3.42117e+06
3.27628e+06
3.41312e+06
3.22384e+06
3.33921e+06
3.45341e+06
3.32087e+06
3.34785e+06
3.44083e+06
3.42617e+06
3.21861e+06
3.33978e+06
3.18215e+06
3.41914e+06
3.37606e+06
3.2999e+06
3.24498e+06
3.54212e+06
3.31854e+06
3.22278e+06
3.44125e+06
3.35899e+06
3.36613e+06
3.44096e+06
3.43475e+06
3.34503e+06
3.40933e+06
3.34243e+06
3.23883e+06
3.37523e+06
3.33275e+06
3.33583e+06
3.30291e+06
3.33282e+06
3.44137e+06
3.37761e+06
3.39975e+06
3.37808e+06
3.33896e+06
3.39662e+06
3.41533e+06
3.39223e+06
3.40551e+06
3.29693e+06
3.48319e+06
3.41067e+06
3.39828e+06
3.45707e+06
3.41585e+06
3.41878e+06
3.4563e+06
3.43575e+06
3.40984e+06
3.40436e+06
3.29136e+06
3.2944e+06
3.33358e+06
3.3969e+06
3.32219e+06
3.42287e+06
3.35551e+06
3.39902e+06
3.48963e+06
3.4175e+06
3.40198e+06
3.46193e+06
3.30194e+06
3.40105e+06
3.30524e+06
3.28867e+06
3.35545e+06
3.34777e+06
3.43087e+06
3.26883e+06
3.46538e+06
3.41634e+06
3.55092e+06
3.38411e+06
3.50458e+06
3.28673e+06
3.29485e+06
3.4983e+06
3.38039e+06
3.50376e+06
3.30789e+06
3.43394e+06
3.35247e+06
3.45611e+06
3.47229e+06
3.55161e+06
3.34085e+06
3.40084e+06
3.38185e+06
3.32686e+06
3.44517e+06
3.52081e+06
3.46794e+06
3.50148e+06
3.42815e+06
3.45709e+06
3.43241e+06
3.66353e+06
3.48204e+06
3.45346e+06
3.48398e+06
3.45497e+06
3.41916e+06
3.40049e+06
3.53211e+06
3.4007e+06
3.4523e+06
3.48146e+06
3.40598e+06
3.33743e+06
3.41126e+06
3.51613e+06
3.40556e+06
3.35564e+06
3.56283e+06
3.46879e+06
3.4261e+06
3.50231e+06
3.3372e+06
3.65969e+06
3.45657e+06
3.47936e+06
3.3e+06
3.43058e+06
3.30678e+06
3.43107e+06
3.54388e+06
3.34441e+06
3.33156e+06
3.4955e+06
3.42071e+06
3.32904e+06
3.57218e+06
3.38143e+06
3.43553e+06
3.46114e+06
3.52395e+06
3.50717e+06
3.42834e+06
3.44581e+06
3.48869e+06
3.60065e+06
3.37895e+06
3.40277e+06
3.53644e+06
3.39654e+06
3.2322e+06
3.3951e+06
3.27747e+06
3.49741e+06
3.44496e+06
3.4139e+06
3.36504e+06
3.55369e+06
3.51566e+06
3.36565e+06
3.45301e+06
3.41812e+06
3.60086e+06
3.3622e+06
3.30068e+06
3.48412e+06
3.46652e+06
3.42574e+06
3.48225e+06
3.48449e+06
3.48036e+06
3.36323e+06
3.37506e+06
3.66231e+06
3.59394e+06
3.50065e+06
3.63054e+06
3.54046e+06
3.43242e+06
3.53212e+06
3.78315e+06
3.5874e+06
3.50518e+06
3.47052e+06
3.52337e+06
3.36239e+06
3.49622e+06
3.46649e+06
3.42462e+06
3.40582e+06
3.46832e+06
3.39163e+06
3.49589e+06
3.4755e+06
3.48475e+06
3.42167e+06
3.51085e+06
3.25216e+06
3.35362e+06
3.54473e+06
3.50448e+06
3.47358e+06
3.36452e+06
3.55553e+06
3.56612e+06
3.51741e+06
3.57151e+06
3.46352e+06
3.56051e+06
3.55425e+06
3.31277e+06
3.50196e+06
3.50955e+06
3.5167e+06
3.46414e+06
3.47743e+06
3.60649e+06
3.51656e+06
3.61698e+06
3.4919e+06
3.44445e+06
3.41917e+06
3.56261e+06
3.48055e+06
3.54434e+06
3.50359e+06
3.42154e+06
3.4271e+06
3.47659e+06
3.51945e+06
3.40258e+06
3.53879e+06
3.50555e+06
3.39349e+06
3.50741e+06
3.54876e+06
3.44181e+06
3.58718e+06
3.41816e+06
3.50625e+06
3.55144e+06
3.52062e+06
3.3759e+06
3.43064e+06
3.33615e+06
3.57653e+06
3.46327e+06
3.52629e+06
3.64909e+06
3.57085e+06
3.47278e+06
3.50588e+06
3.39387e+06
3.55326e+06
3.64562e+06
3.57127e+06
3.53087e+06
3.32118e+06
3.49467e+06
3.52629e+06
3.51873e+06
3.50465e+06
3.58101e+06
3.66736e+06
3.65528e+06
3.49709e+06
3.62834e+06
3.54073e+06
3.5516e+06
3.48062e+06
3.51894e+06
3.58282e+06
3.55535e+06
3.58708e+06
3.55397e+06
3.6109e+06
3.49392e+06
3.546e+06
3.62797e+06
3.52702e+06
3.49058e+06
3.72367e+06
3.53562e+06
3.66623e+06
3.6966e+06
3.62117e+06
3.488e+06
3.56357e+06
3.55504e+06
3.6683e+06
3.74147e+06
3.37411e+06
3.60365e+06
3.57297e+06
3.49064e+06
3.46374e+06
3.43318e+06
3.66139e+06
3.42121e+06
3.66421e+06
3.77476e+06
3.66082e+06
3.58677e+06
3.42846e+06
3.50353e+06
3.34165e+06
3.62763e+06
3.54538e+06
3.55441e+06
3.53471e+06
3.72701e+06
3.55553e+06
3.68416e+06
3.48457e+06
3.53551e+06
3.6278e+06
3.52881e+06
3.56081e+06
3.52462e+06
3.52265e+06
3.52282e+06
3.61897e+06
3.5756e+06
3.58247e+06
3.44687e+06
3.65839e+06
3.56611e+06
3.66792e+06
3.63765e+06
3.4928e+06
3.70151e+06
3.5469e+06
3.49873e+06
3.71082e+06
3.617e+06
3.58305e+06
3.69293e+06
3.45372e+06
3.78909e+06
3.69148e+06
3.57911e+06
3.80291e+06
3.46357e+06
3.6581e+06
3.82271e+06
3.58079e+06
3.47435e+06
3.53603e+06
3.53276e+06
3.47044e+06
3.46159e+06
3.58039e+06
3.6365e+06
3.65901e+06
3.62148e+06
3.74556e+06
3.72267e+06
3.66987e+06
3.63011e+06
3.61012e+06
3.75265e+06
3.49905e+06
3.64795e+06
3.57104e+06
3.63945e+06
3.54986e+06
3.72635e+06
3.78016e+06
3.67493e+06
3.60904e+06
3.60843e+06
3.74022e+06
3.60865e+06
3.69183e+06
3.61416e+06
3.87051e+06
3.63754e+06
3.78068e+06
3.79052e+06
3.51775e+06
3.42283e+06
3.379e+06
3.5652e+06
3.54341e+06
3.65651e+06
3.54018e+06
3.50478e+06
3.66015e+06
3.73385e+06
3.61382e+06
3.72453e+06
3.66373e+06
3.72419e+06
3.70462e+06
3.59529e+06
3.68882e+06
3.55282e+06
3.70609e+06
3.70747e+06
3.57654e+06
3.72056e+06
3.72123e+06
3.6157e+06
3.75682e+06
3.70286e+06
3.69582e+06
3.74205e+06
3.61429e+06
3.55724e+06
3.77757e+06
3.69526e+06
3.57386e+06
3.70348e+06
3.66528e+06
3.76291e+06
3.72003e+06
3.65454e+06
3.57416e+06
3.64425e+06
3.58535e+06
3.74043e+06
3.74238e+06
3.75956e+06
3.72794e+06
3.71919e+06
3.81799e+06
3.52007e+06
3.58896e+06
3.62605e+06
3.54737e+06
3.65867e+06
3.81857e+06
3.71574e+06
3.65781e+06
3.68721e+06
3.66125e+06
3.71456e+06
3.63135e+06
3.67045e+06
3.63246e+06
3.66893e+06
3.77034e+06
3.7293e+06
3.67737e+06
3.57955e+06
3.63864e+06
3.75137e+06
3.53213e+06
3.77143e+06
3.77328e+06
3.59138e+06
3.65758e+06
3.60955e+06
3.52301e+06
3.71465e+06
3.5336e+06
3.59708e+06
3.72507e+06
3.66435e+06
3.72061e+06
3.62155e+06
3.74765e+06
3.72109e+06
3.62884e+06
3.60972e+06
3.62347e+06
3.59476e+06
3.84647e+06
3.75614e+06
3.6359e+06
3.68246e+06
3.69923e+06
3.59449e+06
3.54415e+06
3.60146e+06
3.6409e+06
3.64498e+06
3.70076e+06
3.74681e+06
3.63415e+06
3.5185e+06
3.56948e+06
3.60572e+06
3.69665e+06
3.57092e+06
3.78581e+06
3.66912e+06
3.59322e+06
3.73603e+06
3.57838e+06
3.603e+06
3.68536e+06
3.70639e+06
3.61522e+06
3.58734e+06
3.49255e+06
3.73447e+06
3.50091e+06
3.59833e+06
3.66872e+06
3.60137e+06
3.69504e+06
3.68289e+06
3.97869e+06
3.87641e+06
4.00148e+06
3.80151e+06
3.70912e+06
3.7748e+06
3.63384e+06
3.74146e+06
3.70095e+06
3.67462e+06
3.59939e+06
3.7054e+06
3.6907e+06
3.85345e+06
3.77164e+06
3.73943e+06
3.67271e+06
3.76717e+06
3.7472e+06
3.86746e+06
3.77685e+06
3.94128e+06
3.70484e+06
3.61938e+06
3.79327e+06
3.71753e+06
3.74173e+06
3.73329e+06
3.83145e+06
3.85602e+06
3.61786e+06
3.75504e+06
3.8661e+06
3.83343e+06
3.48764e+06
3.76981e+06
3.75404e+06
3.70491e+06
3.60588e+06
3.64953e+06
3.81e+06
3.68836e+06
3.68623e+06
3.65864e+06
3.82068e+06
3.80199e+06
3.71869e+06
3.72894e+06
3.75422e+06
3.75079e+06
3.84432e+06
3.91437e+06
3.69757e+06
3.71908e+06
3.78004e+06
3.64665e+06
3.68351e+06
3.71245e+06
3.75396e+06
3.8006e+06
3.64893e+06
3.79072e+06
3.78382e+06
3.7434e+06
3.65834e+06
3.70379e+06
3.73308e+06
3.69958e+06
3.65534e+06
3.86486e+06
3.70083e+06
3.85479e+06
3.62577e+06
3.79332e+06
3.76796e+06
3.76489e+06
3.70498e+06
3.71871e+06
3.62627e+06
3.76595e+06
3.6984e+06
3.79319e+06
3.56969e+06
3.33859e+06
3.76949e+06
3.8922e+06
3.59072e+06
3.71474e+06
3.63114e+06
3.89623e+06
3.72154e+06
3.77247e+06
3.85211e+06
3.67756e+06
3.82756e+06
3.68105e+06
3.73342e+06
3.66185e+06
3.89059e+06
3.75037e+06
3.67659e+06
3.69611e+06
3.5139e+06
3.83114e+06
3.78712e+06
3.65977e+06
3.8919e+06
3.73625e+06
3.62781e+06
3.80121e+06
3.72578e+06
3.72833e+06
3.822e+06
3.85575e+06
3.65294e+06
3.78115e+06
3.80912e+06
3.72577e+06
3.85964e+06
3.82326e+06
3.74119e+06
3.82603e+06
3.85268e+06
3.75114e+06
3.86315e+06
3.6826e+06
3.80453e+06
3.70522e+06
3.79259e+06
3.504e+06
3.41412e+06
3.75624e+06
3.60838e+06
3.8833e+06
3.5346e+06
3.80507e+06
3.83765e+06
3.80241e+06
3.93262e+06
3.63513e+06
3.69237e+06
3.89842e+06
3.6978e+06
3.72835e+06
4.01083e+06
3.86903e+06
3.73376e+06
3.60528e+06
3.76807e+06
3.57826e+06
3.61035e+06
3.97474e+06
3.65573e+06
3.48186e+06
3.85112e+06
3.82131e+06
3.65608e+06
3.74172e+06
3.86958e+06
3.78903e+06
3.81547e+06
3.8762e+06
3.79061e+06
3.78916e+06
3.63473e+06
3.73948e+06
3.76825e+06
3.86188e+06
3.95927e+06
3.74575e+06
3.73596e+06
3.86322e+06
3.81714e+06
3.82172e+06
3.91279e+06
3.80533e+06
3.86861e+06
3.85319e+06
3.75376e+06
3.79867e+06
3.83555e+06
3.83413e+06
3.96624e+06
3.7638e+06
3.91216e+06
3.87822e+06
3.79257e+06
3.84393e+06
3.73199e+06
4.07395e+06
3.99213e+06
3.84316e+06
3.87403e+06
3.74575e+06
3.70769e+06
3.80893e+06
3.71638e+06
3.93813e+06
3.66073e+06
3.80804e+06
3.86812e+06
3.95739e+06
4.05718e+06
3.95749e+06
3.64521e+06
3.89975e+06
3.95347e+06
4.04979e+06
3.73165e+06
3.81864e+06
3.76663e+06
3.8407e+06
3.98709e+06
3.93223e+06
3.74053e+06
3.84602e+06
3.79987e+06
3.81975e+06
3.9185e+06
3.84624e+06
3.91448e+06
3.69008e+06
3.72697e+06
4.01816e+06
3.94367e+06
3.8126e+06
4.03083e+06
4.11295e+06
3.79411e+06
3.98564e+06
3.79379e+06
3.81789e+06
3.79366e+06
3.85843e+06
3.89633e+06
3.82055e+06
3.84476e+06
3.84814e+06
3.92968e+06
4.03449e+06
4.03483e+06
4.0976e+06
4.07468e+06
3.92197e+06
4.00539e+06
3.9954e+06
3.88185e+06
4.0072e+06
3.88882e+06
3.88737e+06
3.93924e+06
3.92731e+06
3.90607e+06
3.87839e+06
4.02903e+06
4.16316e+06
3.95266e+06
3.96765e+06
4.06072e+06
4.01663e+06
3.94543e+06
3.94815e+06
3.87945e+06
3.85094e+06
3.88196e+06
4.18251e+06
4.0336e+06
3.65142e+06
3.88855e+06
3.96415e+06
3.99704e+06
4.03282e+06
4.02807e+06
3.95662e+06
3.93984e+06
4.01313e+06
3.86761e+06
3.81054e+06
4.07844e+06
3.87755e+06
3.93338e+06
3.92778e+06
3.95282e+06
4.00994e+06
4.11762e+06
3.95377e+06
4.05301e+06
3.87082e+06
3.83286e+06
4.08075e+06
3.84452e+06
3.92231e+06
3.96119e+06
3.92704e+06
3.90077e+06
3.99022e+06
3.88432e+06
3.82625e+06
3.72954e+06
3.88819e+06
4.06717e+06
3.88214e+06
3.88904e+06
3.8121e+06
3.76514e+06
3.89426e+06
3.97583e+06
4.11233e+06
3.93505e+06
3.9798e+06
3.88505e+06
3.86051e+06
3.98374e+06
3.92972e+06
3.73987e+06
3.85873e+06
4.06021e+06
3.84586e+06
3.83844e+06
4.00509e+06
3.81756e+06
3.98265e+06
3.77112e+06
3.91286e+06
3.95701e+06
4.04176e+06
3.96272e+06
3.91809e+06
3.89147e+06
3.82811e+06
4.01118e+06
3.99097e+06
3.84832e+06
4.01345e+06
3.86262e+06
3.93313e+06
3.82552e+06
3.94562e+06
3.98316e+06
3.94718e+06
3.91928e+06
3.90313e+06
3.98851e+06
3.86838e+06
4.00503e+06
3.83226e+06
4.00847e+06
3.91554e+06
4.0225e+06
4.0284e+06
3.96463e+06
4.01867e+06
3.86901e+06
3.92526e+06
3.85984e+06
4.1167e+06
3.95234e+06
4.14791e+06
3.89542e+06
3.93498e+06
4.16493e+06
4.00195e+06
4.04855e+06
3.88784e+06
3.95768e+06
3.81343e+06
3.96003e+06
3.63804e+06
3.94794e+06
3.96104e+06
3.99632e+06
4.05944e+06
3.97713e+06
4.07017e+06
4.0379e+06
3.90214e+06
3.9157e+06
3.70921e+06
3.86846e+06
4.0375e+06
4.00933e+06
3.97619e+06
3.83064e+06
4.07418e+06
4.0495e+06
4.00028e+06
3.90249e+06
4.05002e+06
4.20959e+06
4.11501e+06
4.00798e+06
3.87055e+06
3.95928e+06
4.06567e+06
4.06309e+06
3.8815e+06
4.01535e+06
3.9282e+06
3.99521e+06
4.11938e+06
3.92943e+06
3.95554e+06
3.88594e+06
4.16078e+06
3.92122e+06
3.85484e+06
4.11099e+06
4.06107e+06
4.25434e+06
4.09013e+06
3.93564e+06
3.75139e+06
3.92486e+06
3.91763e+06
4.0556e+06
4.11667e+06
4.00201e+06
4.23637e+06
3.86166e+06
4.10791e+06
3.95261e+06
3.97165e+06
3.6177e+06
3.96268e+06
4.07137e+06
4.04714e+06
4.15809e+06
3.86225e+06
4.03779e+06
3.85285e+06
4.00692e+06
3.97187e+06
4.13759e+06
3.92677e+06
3.97282e+06
4.10184e+06
4.02173e+06
4.22783e+06
3.92472e+06
3.97878e+06
4.3734e+06
4.20024e+06
4.05546e+06
4.07238e+06
4.21713e+06
4.17115e+06
3.92882e+06
4.4496e+06
4.17839e+06
4.1811e+06
4.28314e+06
4.43754e+06
3.9388e+06
4.07673e+06
3.99409e+06
4.06014e+06
3.87335e+06
3.86661e+06
4.12831e+06
4.13336e+06
3.95058e+06
3.70016e+06
4.03439e+06
4.02053e+06
4.20161e+06
3.75821e+06
4.05396e+06
3.86215e+06
4.08045e+06
4.00135e+06
3.96862e+06
3.95337e+06
4.26729e+06
3.68877e+06
4.26215e+06
3.68885e+06
4.06304e+06
4.16604e+06
4.00805e+06
4.10572e+06
4.02126e+06
4.07963e+06
4.03677e+06
3.87634e+06
4.18439e+06
3.89552e+06
3.99496e+06
4.01141e+06
4.17387e+06
4.11494e+06
4.03512e+06
4.06571e+06
3.91162e+06
4.10923e+06
4.05535e+06
4.25981e+06
4.25683e+06
4.38736e+06
4.33367e+06
4.14573e+06
4.04448e+06
4.08553e+06
4.09115e+06
4.34052e+06
4.14652e+06
4.20717e+06
4.19646e+06
4.27627e+06
4.20752e+06
4.32387e+06
4.40499e+06
4.06816e+06
4.13764e+06
4.06595e+06
4.10828e+06
4.17445e+06
3.98991e+06
4.05742e+06
3.83506e+06
3.91892e+06
3.99992e+06
4.19156e+06
4.20588e+06
4.26021e+06
4.07401e+06
4.2115e+06
4.26194e+06
4.12786e+06
4.15313e+06
3.91975e+06
3.95298e+06
4.19404e+06
4.06263e+06
4.14129e+06
3.99025e+06
4.25188e+06
4.21802e+06
4.01179e+06
4.1422e+06
4.16762e+06
4.17585e+06
4.28408e+06
4.18643e+06
4.27489e+06
4.23403e+06
4.15935e+06
4.17508e+06
4.25701e+06
4.30833e+06
4.06807e+06
4.16017e+06
4.23497e+06
4.0581e+06
4.25076e+06
4.15595e+06
4.20311e+06
4.065e+06
4.41536e+06
4.26761e+06
4.18171e+06
4.08125e+06
4.04003e+06
4.26292e+06
4.17975e+06
4.13241e+06
4.18612e+06
4.08359e+06
4.29095e+06
4.27461e+06
4.08192e+06
4.37736e+06
4.27892e+06
4.15829e+06
4.06321e+06
4.15072e+06
4.06525e+06
4.15926e+06
4.48429e+06
4.21253e+06
4.26016e+06
4.07524e+06
4.32406e+06
4.05141e+06
4.05654e+06
4.11219e+06
4.08965e+06
4.22341e+06
4.20519e+06
4.11902e+06
4.27436e+06
4.19913e+06
4.32322e+06
4.19811e+06
4.17417e+06
4.1535e+06
4.23796e+06
4.01912e+06
4.16918e+06
4.05546e+06
4.08143e+06
4.36707e+06
4.05249e+06
4.3724e+06
4.21167e+06
4.09e+06
4.33277e+06
4.07496e+06
4.03672e+06
4.29612e+06
4.43144e+06
4.245e+06
4.18864e+06
4.10507e+06
4.2777e+06
4.15077e+06
4.24484e+06
4.12831e+06
4.20558e+06
4.31538e+06
4.04574e+06
4.0587e+06
4.24249e+06
4.17574e+06
4.21914e+06
4.37059e+06
4.20287e+06
4.23894e+06
4.29468e+06
4.35118e+06
4.20474e+06
4.34802e+06
4.1943e+06
4.2429e+06
4.21542e+06
4.09663e+06
4.14615e+06
4.19455e+06
4.34651e+06
4.1337e+06
4.30854e+06
4.16206e+06
4.08451e+06
4.21017e+06
4.34335e+06
4.16131e+06
4.35845e+06
4.32969e+06
4.2085e+06
4.24099e+06
4.074e+06
4.24989e+06
4.35295e+06
4.2607e+06
4.32769e+06
4.32967e+06
4.29955e+06
4.39935e+06
4.30666e+06
4.36184e+06
4.17352e+06
4.1442e+06
4.3935e+06
4.10146e+06
4.16758e+06
4.16216e+06
4.2189e+06
4.41768e+06
4.21869e+06
4.35061e+06
4.08561e+06
4.16778e+06
4.28364e+06
4.33593e+06
4.20197e+06
4.1574e+06
4.08017e+06
4.09939e+06
4.35201e+06
4.21769e+06
4.25081e+06
4.12361e+06
4.13045e+06
4.21243e+06
4.39765e+06
4.38464e+06
4.07394e+06
4.40379e+06
4.39572e+06
4.21661e+06
4.23219e+06
4.36934e+06
4.25534e+06
4.19783e+06
4.29638e+06
4.20698e+06
4.26171e+06
4.04589e+06
4.2857e+06
4.16502e+06
4.28033e+06
4.38142e+06
4.2576e+06
4.22555e+06
4.2837e+06
4.2382e+06
4.17458e+06
4.10592e+06
4.0899e+06
3.95796e+06
3.89706e+06
3.92415e+06
4.30825e+06
4.16166e+06
4.19919e+06
4.3881e+06
4.27268e+06
4.35372e+06
4.1596e+06
4.23395e+06
3.89442e+06
4.25571e+06
4.16939e+06
4.26048e+06
4.19966e+06
4.17984e+06
4.17438e+06
4.03854e+06
4.07819e+06
4.24895e+06
4.37714e+06
4.22849e+06
4.15233e+06
4.33241e+06
4.3161e+06
4.23851e+06
4.3312e+06
4.22715e+06
4.41842e+06
4.2234e+06
4.29028e+06
4.41944e+06
4.12088e+06
4.30765e+06
4.29618e+06
4.27274e+06
4.04664e+06
4.16095e+06
4.25034e+06
4.22608e+06
4.03924e+06
4.06402e+06
4.06058e+06
4.05619e+06
4.38693e+06
4.12375e+06
4.34841e+06
4.43602e+06
4.13752e+06
4.40378e+06
4.20013e+06
4.1361e+06
4.33518e+06
4.35541e+06
4.29963e+06
4.53153e+06
4.31229e+06
4.2362e+06
4.18794e+06
4.54181e+06
3.98001e+06
4.40177e+06
4.19299e+06
4.26681e+06
4.20039e+06
4.31644e+06
4.35636e+06
4.42444e+06
4.18189e+06
4.08203e+06
4.2534e+06
4.14756e+06
4.31783e+06
4.08447e+06
4.43057e+06
4.32278e+06
4.38724e+06
4.2768e+06
4.1682e+06
4.22526e+06
4.42491e+06
4.47401e+06
4.28275e+06
4.34538e+06
4.18657e+06
4.43642e+06
4.07058e+06
4.28371e+06
4.59086e+06
4.4997e+06
4.33789e+06
4.34976e+06
4.21669e+06
4.33723e+06
4.38152e+06
4.33388e+06
4.33793e+06
4.12199e+06
4.34525e+06
4.25685e+06
4.38566e+06
4.52375e+06
4.36697e+06
4.34258e+06
4.44402e+06
4.32141e+06
4.2259e+06
4.061e+06
4.18614e+06
4.23749e+06
4.4979e+06
4.28566e+06
4.30914e+06
4.20361e+06
4.40948e+06
4.33037e+06
4.31885e+06
4.55422e+06
4.33525e+06
4.4159e+06
4.39204e+06
4.53674e+06
4.27185e+06
4.53827e+06
4.37882e+06
4.24118e+06
4.17083e+06
4.54104e+06
4.42519e+06
4.54316e+06
4.46561e+06
4.21095e+06
4.6617e+06
4.39712e+06
4.46388e+06
4.29908e+06
4.2275e+06
4.4606e+06
4.53983e+06
4.28417e+06
4.47294e+06
4.48953e+06
4.43478e+06
4.44158e+06
4.18309e+06
4.33388e+06
4.50724e+06
4.34388e+06
4.37241e+06
4.24026e+06
4.38732e+06
4.36928e+06
4.27241e+06
4.18284e+06
4.39733e+06
4.39961e+06
4.29736e+06
4.35275e+06
4.48673e+06
4.3311e+06
4.40077e+06
4.13739e+06
4.40609e+06
4.27857e+06
4.31441e+06
4.38537e+06
4.32607e+06
4.48591e+06
4.30924e+06
4.39288e+06
4.30286e+06
4.27371e+06
4.10261e+06
4.499e+06
4.43255e+06
4.5642e+06
4.42143e+06
4.39625e+06
4.51548e+06
4.3097e+06
4.4002e+06
4.46594e+06
4.55756e+06
4.1862e+06
4.39733e+06
4.23328e+06
4.38596e+06
4.6063e+06
4.42916e+06
4.18713e+06
4.13794e+06
4.34346e+06
4.31324e+06
4.6619e+06
4.41412e+06
4.35946e+06
4.13947e+06
4.47751e+06
4.32461e+06
4.37424e+06
4.40928e+06
4.37846e+06
4.27666e+06
4.28331e+06
4.36013e+06
4.48867e+06
4.46975e+06
4.49141e+06
4.3838e+06
4.36516e+06
4.37147e+06
4.38266e+06
4.32887e+06
4.32659e+06
4.34936e+06
4.30079e+06
4.27011e+06
4.51876e+06
4.34407e+06
4.29259e+06
4.64303e+06
4.17712e+06
4.17614e+06
4.29958e+06
4.43589e+06
4.4556e+06
4.41763e+06
4.4211e+06
4.57757e+06
4.45531e+06
4.3759e+06
4.65885e+06
4.57993e+06
4.53213e+06
4.4274e+06
4.47023e+06
4.37003e+06
4.53152e+06
4.4318e+06
4.53166e+06
4.58885e+06
4.51746e+06
4.45242e+06
4.5199e+06
4.70752e+06
4.32156e+06
4.4668e+06
4.46257e+06
4.40801e+06
4.48762e+06
4.59424e+06
4.66836e+06
4.39186e+06
4.43094e+06
4.23293e+06
4.40503e+06
4.37758e+06
4.50185e+06
4.33273e+06
4.6637e+06
4.4567e+06
4.34857e+06
4.56061e+06
4.48993e+06
4.3128e+06
4.62799e+06
4.57204e+06
4.61773e+06
4.67458e+06
4.50649e+06
4.46643e+06
4.47484e+06
4.31254e+06
4.54908e+06
4.38074e+06
4.73049e+06
4.65357e+06
4.44895e+06
4.53346e+06
4.76401e+06
4.65665e+06
4.51458e+06
4.51786e+06
4.82338e+06
4.59821e+06
4.5553e+06
4.62281e+06
4.81822e+06
4.69481e+06
4.55127e+06
4.54189e+06
4.61199e+06
4.42054e+06
4.4422e+06
4.5625e+06
4.3426e+06
4.4927e+06
4.51487e+06
4.51625e+06
4.37712e+06
4.40041e+06
4.50297e+06
4.52405e+06
4.60036e+06
4.45815e+06
4.38183e+06
4.61211e+06
4.69207e+06
4.58851e+06
4.51918e+06
4.28517e+06
4.49097e+06
4.46886e+06
4.41792e+06
4.62324e+06
4.38841e+06
4.38566e+06
4.4231e+06
4.58306e+06
4.53107e+06
4.48343e+06
4.58197e+06
4.46267e+06
4.56738e+06
4.73009e+06
4.78548e+06
4.70124e+06
4.54856e+06
4.61546e+06
4.65717e+06
4.57424e+06
4.31952e+06
4.45561e+06
4.64816e+06
4.28813e+06
4.50766e+06
4.47435e+06
4.49683e+06
4.58077e+06
4.50698e+06
4.53457e+06
4.39208e+06
4.51832e+06
4.7045e+06
4.3571e+06
4.59757e+06
4.49887e+06
4.56713e+06
4.49742e+06
4.58377e+06
4.65306e+06
4.41499e+06
4.46058e+06
4.64358e+06
4.58022e+06
4.64585e+06
4.59956e+06
4.59825e+06
4.44825e+06
4.42339e+06
4.66869e+06
4.54186e+06
4.58707e+06
4.46071e+06
4.48819e+06
4.59217e+06
4.56018e+06
4.40574e+06
4.64632e+06
4.69969e+06
4.40765e+06
4.77547e+06
4.59155e+06
4.76276e+06
4.55089e+06
4.63055e+06
4.46912e+06
4.52252e+06
4.64817e+06
4.55682e+06
4.54001e+06
4.48788e+06
4.50791e+06
4.54162e+06
4.5756e+06
4.59241e+06
4.55978e+06
4.7975e+06
4.55787e+06
4.62477e+06
4.64173e+06
4.77352e+06
4.56041e+06
4.65361e+06
4.87402e+06
4.42905e+06
4.52635e+06
4.63538e+06
4.5698e+06
4.57159e+06
4.45069e+06
4.41903e+06
4.61253e+06
4.57891e+06
4.32773e+06
4.50531e+06
4.6078e+06
4.59473e+06
4.61205e+06
4.56528e+06
4.65969e+06
4.28455e+06
4.24758e+06
4.64262e+06
4.64307e+06
4.61943e+06
4.45547e+06
4.67886e+06
4.4029e+06
4.51288e+06
4.35554e+06
4.53401e+06
4.34994e+06
4.51022e+06
4.45976e+06
4.73534e+06
4.72062e+06
4.43925e+06
4.61853e+06
4.63512e+06
4.59723e+06
4.46073e+06
4.77661e+06
4.36481e+06
4.59485e+06
4.57751e+06
4.61258e+06
4.61058e+06
4.62312e+06
4.70029e+06
4.7921e+06
4.59309e+06
4.54241e+06
4.58573e+06
4.47833e+06
4.55616e+06
4.2989e+06
4.34053e+06
4.64465e+06
4.36388e+06
4.42858e+06
4.63529e+06
4.5437e+06
3.92379e+06
4.47328e+06
4.53355e+06
4.55926e+06
4.44332e+06
4.3997e+06
4.43642e+06
4.44473e+06
4.68587e+06
4.61052e+06
4.52583e+06
4.53712e+06
4.41224e+06
4.56411e+06
4.60905e+06
4.7368e+06
4.51734e+06
4.45533e+06
4.62298e+06
4.61207e+06
4.40625e+06
4.45238e+06
4.25439e+06
4.74043e+06
4.79434e+06
4.10984e+06
4.55471e+06
3.81965e+06
4.72727e+06
4.70943e+06
4.54063e+06
4.6663e+06
4.4878e+06
4.39927e+06
4.53851e+06
4.36337e+06
4.252e+06
4.50067e+06
4.48299e+06
4.74057e+06
4.57309e+06
4.59493e+06
4.61171e+06
4.76524e+06
4.52173e+06
4.49507e+06
4.50415e+06
4.50841e+06
4.57057e+06
4.63781e+06
4.41598e+06
4.73149e+06
4.41581e+06
4.57034e+06
4.28511e+06
4.49686e+06
4.6304e+06
4.62687e+06
4.75547e+06
4.53426e+06
4.32659e+06
4.6478e+06
4.54445e+06
4.63781e+06
4.60913e+06
4.76418e+06
4.42291e+06
4.49654e+06
4.59585e+06
4.65414e+06
4.59892e+06
4.4898e+06
4.54422e+06
4.60992e+06
4.84282e+06
4.67629e+06
4.59377e+06
4.8366e+06
4.83347e+06
4.61634e+06
4.50892e+06
4.58283e+06
4.45765e+06
4.55028e+06
4.51862e+06
4.63052e+06
4.64757e+06
4.84216e+06
4.8289e+06
4.76207e+06
4.59328e+06
4.66424e+06
4.63741e+06
4.46524e+06
4.76752e+06
4.55388e+06
4.55488e+06
4.52998e+06
4.78661e+06
4.67931e+06
4.56358e+06
4.47247e+06
4.72268e+06
4.61411e+06
4.52257e+06
4.66583e+06
4.89356e+06
4.69086e+06
4.73069e+06
4.59201e+06
4.73913e+06
4.51245e+06
4.57878e+06
4.83815e+06
4.50618e+06
4.40717e+06
4.80968e+06
4.64919e+06
4.70772e+06
4.58399e+06
4.68457e+06
4.66053e+06
4.58184e+06
4.70547e+06
4.91274e+06
4.55288e+06
4.73495e+06
4.66703e+06
4.70356e+06
4.81147e+06
4.71227e+06
4.63986e+06
4.95261e+06
4.32411e+06
4.64067e+06
4.84014e+06
4.70657e+06
4.89737e+06
4.79773e+06
4.70133e+06
4.82587e+06
4.61136e+06
4.67022e+06
4.73078e+06
4.76736e+06
4.93993e+06
4.79521e+06
4.78003e+06
4.80584e+06
4.81591e+06
4.85547e+06
4.65766e+06
5.03013e+06
4.55347e+06
4.68976e+06
4.73125e+06
4.73853e+06
4.7595e+06
4.71181e+06
4.68292e+06
4.77568e+06
4.55921e+06
4.75761e+06
4.69888e+06
4.77362e+06
4.45609e+06
4.61332e+06
4.58823e+06
4.49316e+06
4.60871e+06
4.63083e+06
4.60193e+06
4.45524e+06
4.74217e+06
4.75558e+06
4.83149e+06
4.70711e+06
4.70902e+06
4.84246e+06
5.07287e+06
4.83252e+06
4.82046e+06
4.77233e+06
4.95184e+06
4.92737e+06
4.85711e+06
5.04278e+06
5.08149e+06
4.99419e+06
5.11594e+06
5.03963e+06
4.84518e+06
5.01313e+06
4.93204e+06
4.72368e+06
4.83816e+06
4.91527e+06
4.84719e+06
4.8792e+06
4.67865e+06
4.8519e+06
4.7202e+06
4.76902e+06
4.7787e+06
5.14073e+06
4.91085e+06
4.80863e+06
5.09377e+06
4.95678e+06
4.8607e+06
5.04602e+06
4.67579e+06
4.50665e+06
4.48508e+06
4.67844e+06
4.89329e+06
4.71778e+06
4.87187e+06
4.9334e+06
4.64362e+06
4.90034e+06
4.64537e+06
4.99763e+06
4.71816e+06
4.96437e+06
4.54824e+06
4.74883e+06
4.89357e+06
4.49816e+06
4.64952e+06
4.82076e+06
4.70179e+06
4.75233e+06
4.71949e+06
4.59888e+06
4.90923e+06
4.66435e+06
4.73668e+06
4.68971e+06
4.70695e+06
4.72532e+06
4.66501e+06
4.69718e+06
4.82867e+06
4.76848e+06
4.61566e+06
4.91178e+06
4.83277e+06
4.71475e+06
4.86612e+06
4.91997e+06
4.58455e+06
4.80615e+06
4.92355e+06
4.85217e+06
4.85584e+06
4.77606e+06
4.90574e+06
5.21195e+06
5.04807e+06
4.8613e+06
4.43013e+06
5.01808e+06
5.05025e+06
4.75236e+06
4.63794e+06
4.76723e+06
4.63267e+06
4.78812e+06
4.59301e+06
4.72827e+06
4.69532e+06
4.94708e+06
4.75165e+06
4.7041e+06
4.74515e+06
4.77433e+06
4.84274e+06
4.71662e+06
4.83665e+06
4.86419e+06
4.96188e+06
4.72609e+06
4.86373e+06
4.8817e+06
4.80445e+06
4.38599e+06
4.80679e+06
4.69712e+06
4.79234e+06
4.49455e+06
4.64952e+06
4.78849e+06
4.8639e+06
4.81369e+06
4.55354e+06
4.49258e+06
4.81935e+06
5.15093e+06
5.09312e+06
4.74318e+06
5.19513e+06
4.89538e+06
5.01852e+06
4.88049e+06
4.94682e+06
4.65195e+06
4.71601e+06
4.68502e+06
4.81857e+06
4.89678e+06
5.11674e+06
4.95266e+06
5.11076e+06
5.09047e+06
5.28932e+06
5.1836e+06
5.15027e+06
5.02947e+06
4.93371e+06
5.16032e+06
4.95846e+06
4.98839e+06
5.03045e+06
5.20803e+06
4.8654e+06
4.90546e+06
4.90886e+06
5.00509e+06
5.20902e+06
5.0387e+06
5.2392e+06
5.04116e+06
5.09464e+06
4.99674e+06
4.86243e+06
4.97762e+06
5.05695e+06
5.14505e+06
5.27002e+06
5.06906e+06
5.21122e+06
4.96419e+06
5.20491e+06
5.06932e+06
5.33203e+06
5.19625e+06
5.07499e+06
5.08616e+06
5.29427e+06
5.02829e+06
4.72751e+06
5.1718e+06
5.02205e+06
5.09452e+06
5.01548e+06
5.08095e+06
5.2478e+06
5.11764e+06
5.1581e+06
5.12483e+06
4.80218e+06
5.06416e+06
5.23015e+06
5.27548e+06
5.17651e+06
4.74134e+06
4.80069e+06
5.06311e+06
5.25676e+06
5.19927e+06
5.18458e+06
5.26628e+06
5.07436e+06
5.34386e+06
5.15565e+06
5.1078e+06
5.15645e+06
5.24529e+06
5.25403e+06
5.31127e+06
5.1566e+06
5.20299e+06
5.19507e+06
5.20208e+06
5.12225e+06
5.1795e+06
5.02839e+06
5.2528e+06
5.18143e+06
5.08256e+06
4.88564e+06
5.23127e+06
5.16231e+06
5.16562e+06
5.0715e+06
5.09008e+06
5.07561e+06
5.00408e+06
5.08335e+06
5.34528e+06
5.10276e+06
5.15241e+06
5.2793e+06
5.45082e+06
5.29502e+06
5.28519e+06
5.28851e+06
5.07444e+06
5.27639e+06
5.05267e+06
5.15067e+06
5.0644e+06
5.25582e+06
5.0818e+06
5.35311e+06
5.39021e+06
5.41422e+06
5.39207e+06
5.41107e+06
5.14742e+06
5.2598e+06
5.38193e+06
5.13628e+06
4.84705e+06
4.9206e+06
4.86625e+06
5.21304e+06
5.05423e+06
5.22333e+06
5.25861e+06
5.30379e+06
5.12402e+06
5.02577e+06
4.99084e+06
5.26128e+06
5.21724e+06
5.24688e+06
5.40895e+06
5.23923e+06
5.29645e+06
5.33999e+06
5.08672e+06
5.38637e+06
5.23763e+06
5.20476e+06
5.24902e+06
5.14645e+06
5.21202e+06
4.88666e+06
5.40415e+06
5.33165e+06
5.18352e+06
5.30302e+06
5.24132e+06
5.21737e+06
5.47105e+06
4.32131e+06
5.10354e+06
5.12713e+06
4.94569e+06
5.31103e+06
5.16941e+06
5.14833e+06
5.14234e+06
5.28467e+06
5.21924e+06
5.38845e+06
5.27336e+06
5.08824e+06
5.15218e+06
5.20629e+06
5.05578e+06
5.41575e+06
5.2087e+06
5.08693e+06
5.36413e+06
5.42084e+06
5.42151e+06
5.22395e+06
5.35273e+06
5.03282e+06
4.87215e+06
5.04397e+06
5.2481e+06
5.12847e+06
5.38196e+06
5.44652e+06
5.24859e+06
5.3959e+06
5.16599e+06
5.13919e+06
5.04543e+06
5.17554e+06
5.4135e+06
5.32625e+06
5.06134e+06
4.96924e+06
5.05441e+06
5.06629e+06
5.29912e+06
5.06116e+06
5.34732e+06
5.12668e+06
5.23452e+06
5.26949e+06
5.19219e+06
5.42637e+06
5.11494e+06
5.24161e+06
5.25595e+06
5.18771e+06
5.43358e+06
5.23628e+06
5.25274e+06
5.40436e+06
5.45239e+06
5.15494e+06
5.09494e+06
5.29525e+06
5.03068e+06
5.32592e+06
5.27072e+06
5.43126e+06
5.1662e+06
5.0296e+06
5.32935e+06
5.07773e+06
5.15699e+06
5.33247e+06
5.30432e+06
5.08812e+06
5.26389e+06
5.24892e+06
5.29439e+06
5.20846e+06
5.1677e+06
5.25383e+06
5.3235e+06
4.84385e+06
5.1703e+06
5.22552e+06
4.9791e+06
4.98906e+06
5.45337e+06
5.39675e+06
5.35477e+06
5.39218e+06
4.14461e+06
5.64134e+06
5.4341e+06
5.24493e+06
5.06954e+06
5.46693e+06
5.15912e+06
5.275e+06
5.14179e+06
5.19007e+06
5.26152e+06
5.22537e+06
5.22469e+06
5.43623e+06
4.6023e+06
5.2061e+06
5.38868e+06
5.32065e+06
5.27271e+06
5.39541e+06
5.36899e+06
5.37091e+06
5.44457e+06
5.22555e+06
5.06043e+06
5.41205e+06
5.52284e+06
5.21908e+06
5.28415e+06
5.16086e+06
5.33012e+06
5.20237e+06
5.4077e+06
5.2326e+06
4.88055e+06
5.06032e+06
4.95452e+06
5.16883e+06
5.35707e+06
5.40697e+06
5.25173e+06
5.09616e+06
5.43083e+06
5.39547e+06
5.13306e+06
5.38656e+06
5.2972e+06
5.34248e+06
5.02129e+06
5.0828e+06
4.46288e+06
5.24636e+06
5.33766e+06
5.26127e+06
5.03517e+06
5.18623e+06
5.16326e+06
5.47882e+06
5.39524e+06
5.27289e+06
5.43276e+06
5.48851e+06
5.08516e+06
5.07803e+06
5.32991e+06
5.37393e+06
5.41543e+06
5.23022e+06
5.2651e+06
5.1917e+06
5.44973e+06
5.33477e+06
5.31757e+06
5.29365e+06
5.35403e+06
5.38932e+06
5.44207e+06
5.58989e+06
5.19095e+06
5.33602e+06
5.45128e+06
5.42844e+06
5.36761e+06
5.66012e+06
5.42234e+06
5.2225e+06
5.33066e+06
5.40491e+06
5.24463e+06
5.3356e+06
5.37413e+06
5.28603e+06
5.42316e+06
5.25441e+06
5.25926e+06
5.55714e+06
5.19529e+06
5.47174e+06
5.29476e+06
5.3292e+06
5.6375e+06
5.27276e+06
5.36534e+06
5.36683e+06
5.27384e+06
5.30349e+06
5.31148e+06
5.27337e+06
5.33801e+06
5.25909e+06
5.42124e+06
5.44521e+06
5.26608e+06
5.64352e+06
5.40515e+06
5.23845e+06
5.19224e+06
4.94092e+06
5.13008e+06
5.24039e+06
5.08083e+06
5.10313e+06
5.46185e+06
5.0223e+06
5.29652e+06
5.0619e+06
5.3034e+06
5.29837e+06
5.62236e+06
5.23753e+06
5.24205e+06
5.34326e+06
5.50026e+06
5.74247e+06
5.63626e+06
5.46366e+06
5.42164e+06
5.39274e+06
5.339e+06
5.38347e+06
5.41993e+06
5.38968e+06
5.35926e+06
5.17403e+06
5.29133e+06
5.27946e+06
5.34849e+06
5.62848e+06
5.27599e+06
5.36601e+06
5.49673e+06
5.24663e+06
5.29532e+06
5.30378e+06
5.23729e+06
5.51598e+06
5.36208e+06
5.27594e+06
5.51165e+06
5.43226e+06
5.23754e+06
5.03203e+06
5.21039e+06
5.25637e+06
5.45787e+06
5.42889e+06
5.42344e+06
5.61224e+06
5.37253e+06
5.38254e+06
5.6274e+06
5.34752e+06
5.29821e+06
5.25779e+06
5.42973e+06
5.71928e+06
5.41843e+06
5.32269e+06
5.1163e+06
5.41706e+06
5.67547e+06
5.35913e+06
5.27935e+06
5.10115e+06
5.35463e+06
5.34763e+06
5.37884e+06
5.24541e+06
5.34458e+06
5.48732e+06
5.25785e+06
5.43543e+06
5.35012e+06
5.38041e+06
5.1713e+06
5.58947e+06
5.18211e+06
5.515e+06
5.55337e+06
5.25437e+06
5.41278e+06
5.28322e+06
5.21224e+06
5.44833e+06
5.53765e+06
5.34894e+06
5.3755e+06
5.44582e+06
5.5321e+06
5.68969e+06
5.35757e+06
5.54453e+06
5.59489e+06
5.64393e+06
5.60998e+06
5.3701e+06
5.3346e+06
5.11011e+06
5.50917e+06
5.33274e+06
5.29612e+06
5.24412e+06
5.0753e+06
5.10804e+06
4.9186e+06
4.95121e+06
5.33596e+06
5.13222e+06
5.1363e+06
4.6545e+06
5.23554e+06
5.11437e+06
5.4027e+06
4.98715e+06
4.91095e+06
4.92155e+06
4.85951e+06
5.26801e+06
5.1286e+06
5.26976e+06
5.22959e+06
5.1843e+06
5.48214e+06
5.51412e+06
5.52427e+06
5.50868e+06
5.34178e+06
5.57942e+06
5.55505e+06
5.52022e+06
5.44904e+06
5.39022e+06
5.53186e+06
5.54513e+06
5.43742e+06
5.42208e+06
5.28411e+06
5.5935e+06
5.76999e+06
5.40185e+06
5.30389e+06
5.6212e+06
5.66675e+06
5.58416e+06
5.55591e+06
5.67096e+06
5.38285e+06
5.38223e+06
5.82716e+06
5.5699e+06
5.69094e+06
5.58897e+06
5.48156e+06
5.09918e+06
5.1445e+06
5.09727e+06
5.41014e+06
5.29241e+06
5.36899e+06
5.33564e+06
5.39556e+06
5.67361e+06
5.37978e+06
5.55003e+06
5.50768e+06
5.47043e+06
5.36377e+06
5.54899e+06
5.39197e+06
5.45583e+06
5.60111e+06
5.65228e+06
5.52954e+06
5.36137e+06
5.46965e+06
5.48825e+06
5.31345e+06
5.36597e+06
5.44967e+06
5.57622e+06
5.25197e+06
5.42268e+06
5.58373e+06
5.63787e+06
5.28722e+06
5.41799e+06
5.54777e+06
5.58587e+06
5.48577e+06
5.47484e+06
5.48301e+06
5.61287e+06
5.44472e+06
5.58672e+06
5.63916e+06
5.56034e+06
5.77916e+06
5.46913e+06
5.41649e+06
5.51511e+06
5.58677e+06
5.46261e+06
5.38969e+06
5.6243e+06
5.46178e+06
5.56408e+06
5.62089e+06
5.28318e+06
5.34332e+06
5.45979e+06
5.30612e+06
5.52299e+06
5.5959e+06
5.65481e+06
5.30192e+06
5.4835e+06
5.37377e+06
5.5659e+06
5.75855e+06
5.33056e+06
5.31935e+06
5.56507e+06
5.53243e+06
5.38703e+06
5.37269e+06
5.37031e+06
5.4547e+06
5.58634e+06
5.48778e+06
5.52299e+06
5.4077e+06
5.39969e+06
5.62475e+06
5.49863e+06
5.51507e+06
5.42844e+06
5.49602e+06
5.58499e+06
5.6595e+06
5.54463e+06
5.33865e+06
5.54354e+06
5.60355e+06
5.35055e+06
5.60003e+06
5.26751e+06
5.51767e+06
5.66482e+06
5.38412e+06
5.6512e+06
5.23033e+06
5.39341e+06
5.4618e+06
5.67683e+06
5.6536e+06
5.72615e+06
5.8093e+06
5.74881e+06
5.48173e+06
5.64695e+06
5.75897e+06
5.58659e+06
5.65057e+06
5.77512e+06
5.59923e+06
5.61045e+06
5.58021e+06
5.72073e+06
5.94697e+06
5.71308e+06
5.83317e+06
5.73889e+06
5.61565e+06
5.4843e+06
5.7244e+06
5.54756e+06
5.48407e+06
5.68404e+06
5.76369e+06
5.62105e+06
5.6677e+06
5.7599e+06
5.59978e+06
5.77636e+06
5.82682e+06
5.63337e+06
5.62219e+06
5.63364e+06
5.65365e+06
5.44879e+06
5.62241e+06
5.69192e+06
5.48932e+06
5.57927e+06
5.70819e+06
5.58482e+06
5.61143e+06
5.71291e+06
5.36054e+06
5.85318e+06
5.77558e+06
5.70157e+06
5.66421e+06
5.78491e+06
5.60058e+06
5.48913e+06
5.69504e+06
5.73256e+06
5.88432e+06
5.6064e+06
5.74348e+06
5.92415e+06
5.53518e+06
5.41817e+06
5.76584e+06
5.5362e+06
5.28792e+06
5.30579e+06
5.54777e+06
5.64247e+06
5.84926e+06
5.70911e+06
5.92472e+06
5.58724e+06
5.69505e+06
5.55916e+06
5.70205e+06
5.64693e+06
5.39523e+06
5.6691e+06
5.72161e+06
5.75951e+06
5.75435e+06
5.86398e+06
5.57062e+06
5.77272e+06
5.55946e+06
5.56094e+06
5.55441e+06
5.59676e+06
5.59659e+06
5.7799e+06
5.92793e+06
5.69649e+06
5.68808e+06
5.43709e+06
5.68309e+06
5.68654e+06
5.7175e+06
5.58438e+06
5.73403e+06
5.70076e+06
5.73945e+06
5.60635e+06
5.83386e+06
5.58236e+06
5.78864e+06
5.53478e+06
5.64633e+06
5.82686e+06
5.80069e+06
5.67363e+06
5.47576e+06
5.91083e+06
5.68062e+06
5.77678e+06
5.71821e+06
5.72513e+06
5.76299e+06
5.66591e+06
5.66025e+06
5.86881e+06
5.91978e+06
5.9549e+06
5.82466e+06
5.5472e+06
5.89857e+06
5.66986e+06
5.76125e+06
5.89583e+06
5.76565e+06
5.95928e+06
5.99772e+06
5.76792e+06
5.73759e+06
5.68951e+06
5.67077e+06
5.88692e+06
5.62518e+06
6.11173e+06
5.64279e+06
5.90185e+06
5.83552e+06
5.58778e+06
5.57708e+06
5.93572e+06
5.75791e+06
5.91434e+06
5.77435e+06
5.63799e+06
5.89369e+06
5.86056e+06
5.77707e+06
5.66949e+06
5.80318e+06
5.62446e+06
6.21401e+06
5.68191e+06
5.57759e+06
5.85131e+06
5.83004e+06
5.75406e+06
5.99188e+06
5.85939e+06
5.73062e+06
5.61271e+06
5.75674e+06
5.66409e+06
5.80633e+06
5.8243e+06
5.44401e+06
5.89974e+06
5.9986e+06
5.72828e+06
5.84082e+06
5.99903e+06
5.91765e+06
5.87378e+06
5.89349e+06
5.58203e+06
5.68016e+06
5.92193e+06
5.81767e+06
5.89419e+06
5.81016e+06
6.15952e+06
5.77691e+06
5.78013e+06
5.93162e+06
5.72711e+06
5.79508e+06
5.81646e+06
5.74359e+06
5.65664e+06
5.83172e+06
4.61058e+06
5.8482e+06
5.64257e+06
5.36145e+06
5.69101e+06
5.98145e+06
