912.842
1803.58
2563.49
3166.05
4396.22
5187.64
5935.41
6926.42
7747
8419.66
8828.61
9692.7
9580.05
10756.3
11090.3
12366.6
13336
13847.8
14179.7
14722.8
16224
16930.1
17597.6
18195.7
21192.7
26980.8
26486.7
27325
28981
30240.8
28357.1
31398.8
33139.8
31712
36245.1
37208.5
37899.2
37202.8
40422.7
40247.3
40013.8
40764.2
41719.9
42304.7
42389.4
46848.7
48150.2
46188.9
47124.5
48999.2
48674.3
50912.4
51361.7
52999.3
55340
52597.2
48312
43406
43199.4
48270.3
50888.7
48878.8
46930
49226
46508.9
51428
56941.2
50589.4
51490.8
51841.4
54309.1
53896.4
53685.1
54818.8
57207.5
57482
58612
57249.7
61739.8
58834.5
61579.8
58213.9
61882
64736
65810.5
68105.9
67945.1
66336.6
64326.3
66978.1
66170.7
69747.3
71258.3
74753.3
71656.4
72353.6
70565.5
71705.3
77303.9
84724.6
86743.7
87911.4
83885.4
84554.9
84779.4
87232.1
91958.1
93088.6
89348.1
97940.9
87998.1
92781.3
97343.1
94288
97798.4
97911.2
97900.5
102607
98880.2
102005
103789
98337
105978
90457.5
92840.4
88914
90603.4
95636.4
97132.7
101006
109369
101996
125255
120484
123071
123247
120364
111611
117196
117067
111014
127663
141475
126513
127542
112113
113976
125232
109449
124000
109988
110406
107358
112286
129718
123466
112415
111661
117335
133658
143066
130263
126432
151733
137576
134501
136219
132839
148149
137611
140319
158646
140622
160139
136363
149243
141561
127216
161227
149107
134146
131582
143352
152878
142792
133727
145758
147501
150168
160752
139618
146797
142981
143573
159875
169435
136042
142446
150672
167768
145009
141724
146174
162112
147539
152318
172935
162319
144697
147618
172050
170168
159715
155603
151246
166789
157461
155980
158459
157403
161973
171157
164656
170477
181950
162209
166126
164221
163364
180315
167680
165805
154825
172052
168611
171116
182601
174681
172725
170779
175386
183319
174428
183737
180863
178397
185656
174510
175946
185830
175928
168911
184034
180567
167759
184991
174669
178293
202387
175991
176736
189837
183871
178172
198203
204697
184895
203479
191795
183736
184283
183341
190723
200093
199362
211400
206975
196994
188984
196302
201255
209789
212034
220171
213487
201241
191503
204490
195609
206336
233292
207331
213800
224490
199693
204018
211964
223711
233005
217051
217539
224464
227323
224979
216839
218626
206112
221511
220861
233288
206596
218598
212253
202371
212675
220645
216742
217188
226570
212235
220327
227312
213489
214130
210933
245003
223887
241979
243224
240852
234560
219038
245614
221941
254276
226652
233141
210003
231067
228480
228198
220265
218759
231910
211513
245678
218177
219351
219848
226682
249430
231845
241793
217366
255965
240012
224578
240609
231758
233133
230588
237860
252974
238238
230346
236956
235748
241167
252131
248595
240363
246839
241104
231678
239433
253088
256107
247754
244926
249307
259329
243248
236255
238725
243245
249648
248942
249474
258283
251858
243867
260726
249586
242512
244508
261417
252946
253665
241711
254472
268455
280719
283989
266415
251589
285528
265685
275254
252460
266518
264116
261931
247000
259624
279083
262214
259490
256732
267543
280905
325359
280088
261782
288424
269766
306284
324119
295845
283551
290649
281769
311906
291459
283949
274194
279306
305393
279485
277763
275823
295793
310635
304454
317472
312698
272418
320274
320073
283281
278558
304796
286951
291107
286239
280868
281024
285065
296740
278668
286228
297492
268655
276544
297681
329325
294777
305516
296037
274591
285810
278329
295615
288779
304081
294422
281778
283877
304394
287641
303004
290965
303296
294752
298177
298275
295302
288249
290945
309421
299493
299818
297103
300765
346580
339477
321419
304628
329263
288139
320790
301904
301882
309828
302166
303125
313105
313568
305333
312263
325809
299462
301996
310173
315493
314232
324659
306556
304001
306940
307065
303343
318224
306854
333842
325585
316984
317488
323068
321717
324581
319590
326968
310859
319975
332859
325979
333053
322571
342291
338420
321161
336320
317099
324077
336400
326176
317495
321304
326171
344636
335058
343037
326383
329135
325201
339340
345177
338916
325202
327437
346531
336054
335212
330093
348045
342259
327343
341809
331873
331286
336787
342118
340615
338978
353360
338419
355177
361660
357485
359934
336681
339812
356370
355629
357321
334036
370513
343136
355048
357982
346204
361282
342995
357826
358529
350970
355119
359015
362191
349156
339722
379883
350600
360440
370011
384202
380300
377609
370993
377955
358123
389704
371576
341092
347894
352957
381343
382579
353339
367510
377958
380461
383674
360844
365947
366537
372251
375546
382439
375539
373735
368634
389237
361787
378579
373311
363346
373412
401262
370700
392355
386225
397226
382589
363701
371621
371489
388453
379995
374248
371638
409703
384959
401720
442966
420847
427081
407290
378045
396840
369579
387833
410451
412155
356757
390433
382018
382213
365301
421830
388900
411031
372723
392852
379650
390612
396582
412735
384112
367100
397761
388331
377845
411730
440050
454007
458139
424373
393054
404721
404559
401344
415318
407253
388314
401172
410564
410121
414473
392391
428467
419892
395040
392918
361890
392663
401243
404161
406812
385272
415619
395693
407185
432483
416972
427356
431286
408275
440605
392370
409167
420502
401230
402626
410328
425821
402981
403123
420534
411874
430771
423430
407577
418411
431934
425668
407073
435377
443389
410776
407105
412505
406262
407620
477570
460799
480021
488995
450048
440379
444042
418337
442852
430252
422307
434725
428257
414763
449664
433462
440556
437771
442619
462596
445237
432609
480193
455744
458106
434696
458641
494143
438630
441345
458736
418947
466911
465111
438454
451613
448201
440248
476554
459517
453412
451354
452787
489027
449663
440778
464682
472112
435711
444388
467342
437980
396690
437369
468620
458958
478125
423836
452593
467909
516697
473831
436713
423582
452081
464930
452008
467020
451095
471306
452832
462878
503542
459064
452446
464449
476050
459405
473475
457941
493210
473010
461388
485867
478122
477992
506595
493724
471252
468371
479382
455138
522496
509163
483963
446775
478804
478773
472576
464311
519960
523262
521590
544757
518116
495385
463148
444616
506961
475352
490804
522527
458116
492310
500894
464909
489756
475339
540474
521039
468481
546578
538148
472578
465108
477788
463982
477606
444173
457151
486473
471030
492784
454692
480173
486291
479313
489836
490987
469913
478549
526915
480424
492964
498040
488643
497092
489500
472488
457633
469728
506324
472632
507375
506389
483310
487375
492920
499564
498929
529787
490761
494517
499792
508111
494613
507234
502735
499630
474615
482449
531651
493158
506210
493686
466119
503429
504451
496214
504760
525583
525217
523427
494988
483524
482689
509247
488818
516157
500100
518566
522016
499712
476554
550048
535333
538544
523526
503258
500440
483102
545625
514116
497607
495540
514172
527723
491228
514476
524563
500171
491897
536831
536333
546250
504311
496692
548548
498937
516518
522391
511572
568004
581820
564344
528820
541821
511779
531616
527678
546005
525241
559349
520523
523457
524621
516647
564573
530381
537262
528804
554655
516319
516738
523371
584355
619799
603786
600806
522476
516373
589973
560896
535104
541472
526693
522739
529606
554757
568820
558469
532134
526833
561163
541828
518939
542934
566979
537625
557492
539702
556149
519438
520373
562268
559048
574472
552600
592928
555936
527781
583257
617700
607834
544908
555428
552174
573090
533679
556966
527672
605032
590243
545826
557787
560253
535628
546412
585431
566023
588495
607307
623983
583919
588446
623412
551640
554799
557806
526798
541767
568215
595516
612620
562002
602174
575172
599584
587018
561550
621503
552395
567931
592690
586281
594070
643371
629632
568925
627772
634702
588350
582369
579556
574179
565030
608025
567473
579270
610464
544904
533989
565543
586331
622467
551948
535968
582688
576523
555503
568194
627619
549790
565545
545885
571353
579618
589621
669866
629184
593235
611181
603858
557612
581763
558892
593209
558240
556036
574456
584167
571482
540299
573072
595404
597782
597598
570416
549246
564720
567890
546966
568927
575779
582642
575488
548567
598267
616139
574524
602217
572315
592937
553293
593987
607301
600601
562475
618136
565615
592916
593377
612339
591063
652756
593031
584178
564142
598209
567802
580367
627125
642127
570008
623858
611307
552745
606736
577253
662475
589245
600904
604543
604428
638497
569007
618937
612460
595281
593600
631314
604372
595536
635044
588702
585989
560242
590519
592071
600598
567714
563789
602384
599986
670579
704610
650137
601757
616884
593786
671927
601647
693454
627256
631128
711117
669167
695370
600891
653987
645284
638089
640891
646082
610214
616175
602942
647434
704812
720964
629480
656128
620997
677711
674401
644310
626168
605188
635520
624373
617101
632389
638327
617297
610844
654243
670101
704461
722975
632499
639323
632375
618717
600175
613717
637112
635676
615909
622963
633995
640408
630055
623495
634331
623896
624461
635734
635920
619519
636912
590568
609477
600128
618200
631124
602946
588161
616281
627364
617992
627292
673793
721348
695443
672566
632449
637575
653701
726608
647970
656372
698245
651912
670067
650808
679469
704795
640267
626137
641737
614570
633929
644500
634063
623105
633949
624857
655526
638700
665994
650537
633857
652008
669388
639901
646580
641019
646169
640124
638832
618701
668305
652307
673797
664620
655745
681371
679470
682804
661589
675053
650538
628544
626562
676679
631139
612825
681314
663342
645009
660570
653071
649740
642738
653708
637956
650596
645130
643956
683704
673696
625891
670553
650304
623588
672841
645978
676908
658126
642917
674514
658441
644683
654034
659316
650698
635397
666106
690249
626522
657234
715861
631556
677235
678736
676722
666642
671128
693672
661299
681561
662205
643716
679028
658308
657323
661141
672076
693838
700013
667269
667126
681383
664047
658881
696328
671832
688604
681151
660234
696529
678352
716214
675567
641833
644735
679942
702546
684779
666701
642714
673659
687492
665899
714241
710742
702947
670181
706562
672541
677059
669841
710623
725495
706128
748009
663391
666849
662569
712531
722071
693379
691255
672008
705125
697226
696487
722075
657376
713579
662599
689898
702819
700488
689671
696936
694193
705941
717470
696691
718030
680347
675393
719483
684458
701093
697552
671670
719746
715740
752150
692759
689365
739681
712510
706149
747555
718588
682604
708566
676288
703634
746327
715717
716127
711273
693350
695468
667588
700977
718765
687539
701666
702174
710791
700492
768050
711351
719924
707145
700972
676410
697774
689418
785347
739134
736070
704525
733493
683073
712462
724736
726811
741736
697365
694659
730086
733627
743794
711233
695045
718681
773316
802384
726098
725615
741464
718907
730112
722556
708005
755507
780322
704506
659880
700429
697929
789864
732916
695936
718972
728009
755607
717258
735726
783240
715436
759169
743229
754274
733985
708167
713813
750720
721775
729772
708283
692644
734791
740820
730366
700873
761740
752119
724134
694899
740841
722476
741087
694682
722305
776232
721714
774479
727686
746949
732890
710844
754597
700917
714003
724453
751903
745361
725773
758834
742204
727405
738102
750167
785579
744532
767291
737445
757612
769179
759276
739574
724404
681292
779314
767042
774885
773867
775268
747632
728143
879216
837122
870174
879937
828959
840294
884682
859123
880770
841637
857148
909835
888929
885312
878007
866355
802680
796757
801482
798132
823248
749164
782319
750807
788695
714570
721117
783172
847405
841884
785960
837093
821366
791748
769528
760655
746650
777735
796844
731612
770823
734971
748481
741660
735473
793571
754133
802445
803055
777420
756431
762502
795430
762325
761702
754748
741974
747412
757737
771244
735346
762222
774794
767834
780968
745220
751441
771049
737484
777871
766637
792890
738676
783665
759619
797766
772822
762088
750737
793346
817949
787559
799718
778605
773499
782464
786298
746980
778499
775427
762462
783695
771591
771021
757792
757929
804888
792887
802029
765911
805466
781473
756454
799743
790914
765428
782546
834793
760667
764476
780897
834679
823523
760546
783304
869160
817243
793532
819478
834620
790511
775692
774299
757405
714929
803881
792841
779868
769072
809351
772375
780643
794546
772972
787520
792372
810476
785608
798227
803467
816667
837017
787784
760337
763121
836022
769115
819349
791066
788282
812053
812403
771258
779196
813622
812525
781462
791567
805886
885712
859661
900842
798388
870520
838627
867468
830876
849987
906437
901145
824253
866968
836131
941134
830974
849411
810472
823312
851786
848043
846067
860167
797456
825639
825697
862842
917812
873865
859133
811594
873735
846068
874047
798892
875483
863008
823683
871041
804826
867443
801923
828804
813591
862244
878898
819035
854467
841973
841480
913958
867573
863426
870718
853966
873232
865389
846480
813335
904055
847578
878372
867509
823784
920917
819253
832652
818229
825695
827232
863335
897901
854228
892385
888163
835398
880536
876822
932228
891190
854448
824481
869440
845476
882151
856593
919593
830890
902433
806585
887105
944723
822456
814746
798880
789057
893193
847827
817971
839960
807387
877036
842527
845435
871988
839991
824208
791390
821764
821604
813639
789885
839440
804034
822189
828274
854072
826735
818437
831844
837392
863004
847771
884752
802875
830826
792071
816787
928908
921365
917589
849335
853462
866547
881192
866116
839381
892657
853555
846579
821694
817744
949460
950749
940996
896197
941873
978856
960658
953676
909191
932606
912491
890160
959565
905279
926878
985529
1.0321e+06
920195
893761
946408
927821
884584
859064
792910
834217
839984
891820
840069
839608
840853
907381
833873
853949
891033
849169
852003
907439
847130
950307
946582
998903
906719
942910
870083
923173
956926
915964
903397
883250
842670
869069
889140
905352
914803
907621
899757
884669
876751
943247
855346
902156
923324
880568
890922
865140
875245
893336
929341
874307
876123
857962
930414
871523
938202
910067
929745
886307
856514
865622
933222
887333
940369
888661
871226
941300
856456
935193
943131
945500
881495
920857
903413
913346
907479
891978
886612
922636
983495
900285
873280
872006
859251
862961
924851
878792
973063
870532
885564
900022
965859
923134
935658
946814
993044
956452
976898
923000
941371
970943
960171
988545
1.0139e+06
943283
905598
884352
959292
971911
999590
913235
941917
959371
955283
967362
948797
903572
892900
888960
953186
962342
995666
966270
989351
896600
927319
1.03124e+06
975355
1.00209e+06
980317
967858
987727
1.00619e+06
915652
1.00515e+06
994424
1.01764e+06
975198
871813
905468
966381
925204
981259
909144
908526
978023
969284
954297
915792
994519
944583
1.01502e+06
919627
970048
890912
924103
871743
909376
938699
902136
990167
1.05353e+06
976098
970230
990117
965705
975415
955277
950344
932091
1.01076e+06
1.08356e+06
977230
899603
917901
945221
909392
934595
1.02521e+06
983095
961978
972369
982236
968352
1.01628e+06
962203
986109
976257
924037
992966
982463
992497
989333
1.02649e+06
1.04542e+06
955266
974174
1.0367e+06
882314
941376
927888
896709
938015
1.00679e+06
990615
979806
965930
983356
973924
973373
1.02489e+06
927201
897621
903620
1.02612e+06
1.02929e+06
942625
929153
971289
901782
948240
895813
921721
962121
904865
953354
933911
957265
885364
954483
1.00364e+06
1.05322e+06
1.07509e+06
974178
967723
1.01935e+06
913742
946652
959259
910403
954795
939508
903419
944271
957010
969500
943376
963613
969177
921916
967625
1.00137e+06
1.01879e+06
949052
920325
1.01098e+06
989995
950865
947675
910345
950004
958198
905385
917251
950327
1.0331e+06
1.0142e+06
1.02506e+06
1.05415e+06
1.01689e+06
967515
982758
1.02875e+06
987268
908426
1.06999e+06
908297
998709
1.06853e+06
1.02708e+06
1.09089e+06
915308
938978
996008
1.07961e+06
1.02162e+06
1.09049e+06
995512
1.01479e+06
985778
1.00954e+06
1.01458e+06
978833
1.03281e+06
1.09289e+06
958932
978280
1.01375e+06
921699
950031
956195
979841
995690
986929
1.01829e+06
990199
947109
972318
976972
961244
1.03732e+06
1.00137e+06
1.00869e+06
986115
1.01833e+06
986619
1.02828e+06
972808
978018
1.04421e+06
963876
1.01891e+06
984150
1.01783e+06
975880
969282
978439
992332
984325
995701
1.02347e+06
1.0272e+06
1.06897e+06
992362
989058
948130
1.04491e+06
1.03748e+06
1.0013e+06
969360
1.04867e+06
1.06308e+06
1.01345e+06
1.04826e+06
953760
961819
985496
955333
1.01094e+06
960658
969862
1.00024e+06
1.01638e+06
1.03772e+06
1.01314e+06
959693
984954
1.00911e+06
1.07595e+06
1.04903e+06
960254
992025
964693
1.00046e+06
1.04447e+06
994278
977117
1.00223e+06
1.09115e+06
992769
1.02422e+06
997094
972924
1.00786e+06
986641
968620
1.00452e+06
1.01644e+06
1.00093e+06
955265
984826
1.00804e+06
947894
994411
1.03574e+06
967577
985161
1.03438e+06
1.03049e+06
992024
980643
1.04971e+06
984940
972872
956112
1.03506e+06
967586
1.07244e+06
987043
979862
1.02395e+06
993195
987633
961786
1.03657e+06
1.01537e+06
981649
982761
1.02817e+06
970381
978520
973445
980800
1.01392e+06
961647
926438
967376
995523
994414
1.02932e+06
998826
966783
1.00502e+06
989280
1.02733e+06
1.04497e+06
1.01891e+06
930751
1.00586e+06
981393
1.02032e+06
1.05736e+06
1.0025e+06
999793
964087
917089
1.02328e+06
1.02921e+06
1.04359e+06
961393
988087
966510
978942
1.01151e+06
1.01239e+06
954213
1.02462e+06
1.0434e+06
991471
968043
958342
980557
982192
988515
1.02357e+06
962605
1.05594e+06
1.01565e+06
1.03623e+06
1.04152e+06
1.03475e+06
1.05569e+06
1.03105e+06
1.00154e+06
1.12484e+06
1.00794e+06
1.02785e+06
1.06601e+06
1.00237e+06
1.0689e+06
1.042e+06
1.00405e+06
997292
1.05007e+06
1.035e+06
1.05044e+06
1.05694e+06
1.02765e+06
1.05349e+06
912739
960579
1.02823e+06
1.02977e+06
988488
1.00594e+06
978598
981524
1.02645e+06
1.02871e+06
1.00323e+06
1.00461e+06
1.03783e+06
1.00799e+06
1.01245e+06
1.07963e+06
1.05029e+06
993131
1.0076e+06
1.05017e+06
991032
989430
1.0312e+06
1.03599e+06
1.05576e+06
1.01082e+06
1.03079e+06
999483
1.07577e+06
1.1231e+06
1.01995e+06
990079
1.05384e+06
1.04461e+06
1.04734e+06
1.05333e+06
1.06169e+06
1.08297e+06
1.00822e+06
1.0335e+06
1.01716e+06
1.00799e+06
1.07492e+06
999819
1.03109e+06
1.05866e+06
1.03833e+06
1.033e+06
1.01565e+06
982586
999468
969400
1.08856e+06
1.04984e+06
1.03287e+06
1.00216e+06
1.0226e+06
983199
990432
993472
968817
1.06424e+06
1.02439e+06
1.07861e+06
1.01323e+06
1.01068e+06
1.00419e+06
995963
1.05022e+06
1.08961e+06
1.06531e+06
982591
1.04903e+06
1.04815e+06
986115
1.02541e+06
1.09743e+06
1.06913e+06
1.0107e+06
1.02737e+06
1.03372e+06
1.03965e+06
1.00587e+06
1.01788e+06
1.03632e+06
1.04576e+06
1.01899e+06
1.02052e+06
1.01709e+06
1.08783e+06
1.04e+06
1.01929e+06
1.07292e+06
1.05089e+06
1.01413e+06
1.09538e+06
1.06773e+06
1.07313e+06
1.07743e+06
1.066e+06
1.06278e+06
1.04216e+06
1.00078e+06
1.02964e+06
1.04814e+06
1.03503e+06
1.05515e+06
1.05307e+06
1.09768e+06
1.04113e+06
1.06635e+06
1.06036e+06
1.08948e+06
1.00816e+06
1.02769e+06
1.08175e+06
1.01423e+06
1.05794e+06
1.06787e+06
1.1053e+06
1.10577e+06
1.05406e+06
1.07942e+06
1.12252e+06
1.06167e+06
1.07735e+06
1.02493e+06
1.05325e+06
1.11525e+06
1.0311e+06
1.01476e+06
1.08173e+06
1.08703e+06
1.01271e+06
1.08095e+06
1.09588e+06
1.07531e+06
1.12444e+06
1.04294e+06
1.0675e+06
991199
1.1241e+06
1.28073e+06
1.16705e+06
1.0772e+06
1.30004e+06
1.18158e+06
1.26168e+06
1.29375e+06
1.08973e+06
1.15763e+06
1.10252e+06
1.05196e+06
1.05492e+06
1.05493e+06
997801
1.19099e+06
1.09742e+06
1.15368e+06
1.14444e+06
1.18258e+06
1.24531e+06
1.35528e+06
1.12084e+06
1.22432e+06
1.21487e+06
1.03883e+06
1.16588e+06
1.16645e+06
1.19914e+06
1.11584e+06
1.1407e+06
1.19276e+06
1.13042e+06
1.11033e+06
1.10287e+06
1.10055e+06
1.09896e+06
1.01869e+06
1.04839e+06
1.11156e+06
1.05019e+06
1.03743e+06
1.10966e+06
1.07001e+06
1.03975e+06
1.08695e+06
1.12326e+06
1.07792e+06
1.10827e+06
1.11397e+06
1.14932e+06
1.10438e+06
1.0885e+06
1.09636e+06
1.07029e+06
1.06552e+06
1.06294e+06
1.14179e+06
1.10781e+06
1.1496e+06
1.11918e+06
1.10845e+06
1.11052e+06
1.05545e+06
1.0805e+06
1.08384e+06
1.0828e+06
1.0811e+06
1.07961e+06
1.07463e+06
1.13144e+06
1.09651e+06
1.06268e+06
1.12524e+06
1.08036e+06
1.06063e+06
1.05878e+06
1.14463e+06
1.07405e+06
1.08125e+06
1.11093e+06
1.12845e+06
1.1025e+06
1.00718e+06
1.05412e+06
1.09262e+06
1.0935e+06
1.10615e+06
1.09626e+06
1.0792e+06
1.0507e+06
1.06763e+06
1.08794e+06
1.03573e+06
1.14799e+06
1.05781e+06
1.13407e+06
1.12269e+06
1.06881e+06
1.08266e+06
1.11618e+06
1.04452e+06
1.07038e+06
1.11045e+06
1.11262e+06
1.04135e+06
1.11236e+06
1.09403e+06
1.13418e+06
1.17671e+06
1.02551e+06
1.0892e+06
1.10606e+06
1.14213e+06
1.13231e+06
1.02803e+06
1.11414e+06
1.09419e+06
1.14809e+06
1.10727e+06
1.11931e+06
1.09241e+06
1.05786e+06
1.13581e+06
1.09705e+06
1.08685e+06
1.08573e+06
1.11545e+06
1.13421e+06
1.09158e+06
1.1316e+06
1.15372e+06
1.11579e+06
1.11835e+06
1.1264e+06
1.13606e+06
1.16708e+06
1.24411e+06
1.14634e+06
1.13059e+06
1.18852e+06
1.05877e+06
1.08167e+06
1.06815e+06
1.12138e+06
1.2134e+06
1.12547e+06
1.18247e+06
1.13856e+06
1.16665e+06
1.11569e+06
1.14302e+06
1.12367e+06
1.16059e+06
1.15361e+06
1.13358e+06
1.12783e+06
1.13594e+06
1.13487e+06
1.16352e+06
1.13259e+06
1.25674e+06
1.23028e+06
1.11434e+06
1.1058e+06
1.13349e+06
1.1198e+06
1.1441e+06
1.11601e+06
1.10578e+06
1.13078e+06
1.09361e+06
1.13333e+06
1.18517e+06
1.1677e+06
1.13023e+06
1.11009e+06
1.16098e+06
1.16046e+06
1.11396e+06
1.11242e+06
1.13749e+06
1.11755e+06
1.13963e+06
1.12178e+06
1.19925e+06
1.11436e+06
1.09751e+06
1.11255e+06
1.11605e+06
1.123e+06
1.14738e+06
1.1459e+06
1.15391e+06
1.12852e+06
1.18185e+06
1.10774e+06
1.08843e+06
1.18018e+06
1.14172e+06
1.10425e+06
1.14075e+06
1.11106e+06
1.1329e+06
1.08584e+06
1.13001e+06
1.14172e+06
1.17134e+06
1.15672e+06
1.18527e+06
1.20689e+06
1.12994e+06
1.12207e+06
1.11278e+06
1.14045e+06
1.14618e+06
1.14276e+06
1.11555e+06
1.20356e+06
1.16265e+06
1.17813e+06
1.18619e+06
1.10044e+06
1.14136e+06
1.19176e+06
1.17138e+06
1.13351e+06
1.15648e+06
1.19996e+06
1.14979e+06
1.0974e+06
1.16042e+06
1.22089e+06
1.17839e+06
1.1123e+06
1.09183e+06
1.12718e+06
1.09351e+06
1.12717e+06
1.15715e+06
1.13769e+06
1.13207e+06
1.12577e+06
1.10156e+06
1.16209e+06
1.13873e+06
1.12924e+06
1.06751e+06
1.12253e+06
1.14155e+06
1.16995e+06
1.15426e+06
1.14864e+06
1.11596e+06
1.14065e+06
1.10073e+06
1.09796e+06
1.15909e+06
1.18587e+06
1.11014e+06
1.13281e+06
1.08593e+06
1.14756e+06
1.09074e+06
1.09073e+06
1.14157e+06
1.12813e+06
1.12182e+06
1.10213e+06
1.1563e+06
1.09646e+06
1.21389e+06
1.15688e+06
1.24337e+06
1.19186e+06
1.30995e+06
1.42868e+06
1.28092e+06
1.31678e+06
1.32475e+06
1.46163e+06
1.29433e+06
1.17345e+06
1.17963e+06
1.114e+06
1.35408e+06
1.27158e+06
1.24523e+06
1.18414e+06
1.22113e+06
1.14656e+06
1.12999e+06
1.159e+06
1.21687e+06
1.2404e+06
1.13936e+06
1.1464e+06
1.12536e+06
1.11562e+06
1.18659e+06
1.12178e+06
1.12731e+06
1.15952e+06
1.14981e+06
1.28052e+06
1.32632e+06
1.20423e+06
1.16829e+06
1.3343e+06
1.41936e+06
1.4036e+06
1.25363e+06
1.26407e+06
1.20508e+06
1.13421e+06
1.17534e+06
1.16616e+06
1.13068e+06
1.10307e+06
1.17382e+06
1.18233e+06
1.16175e+06
1.15379e+06
1.20897e+06
1.09402e+06
1.10468e+06
1.2759e+06
1.30606e+06
1.29606e+06
1.14973e+06
1.14719e+06
1.22381e+06
1.28418e+06
1.19538e+06
1.23844e+06
1.2086e+06
1.23599e+06
1.21552e+06
1.17432e+06
1.13694e+06
1.1554e+06
1.2027e+06
1.17796e+06
1.27811e+06
1.25373e+06
1.21932e+06
1.25345e+06
1.24905e+06
1.24036e+06
1.20774e+06
1.36353e+06
1.22355e+06
1.19871e+06
1.34706e+06
1.25884e+06
1.17752e+06
1.2441e+06
1.20582e+06
1.198e+06
1.20545e+06
1.19001e+06
1.18321e+06
1.15599e+06
1.25027e+06
1.21459e+06
1.12647e+06
1.16026e+06
1.21704e+06
1.23799e+06
1.23141e+06
1.19207e+06
1.20956e+06
1.19908e+06
1.39282e+06
1.25758e+06
1.19429e+06
1.27368e+06
1.19745e+06
1.34242e+06
1.29762e+06
1.23738e+06
1.32007e+06
1.30479e+06
1.24203e+06
1.24458e+06
1.25095e+06
1.30257e+06
1.28495e+06
1.27593e+06
1.40028e+06
1.30553e+06
1.29909e+06
1.36247e+06
1.27683e+06
1.17765e+06
1.28484e+06
1.19849e+06
1.23874e+06
1.2357e+06
1.36877e+06
1.21323e+06
1.24271e+06
1.39328e+06
1.19816e+06
1.21802e+06
1.29526e+06
1.36992e+06
1.21701e+06
1.35586e+06
1.37754e+06
1.29093e+06
1.34909e+06
1.22619e+06
1.30767e+06
1.2354e+06
1.36362e+06
1.23448e+06
1.31062e+06
1.33719e+06
1.319e+06
1.32164e+06
1.30924e+06
1.35504e+06
1.24924e+06
1.30137e+06
1.23946e+06
1.26994e+06
1.31762e+06
1.28429e+06
1.34484e+06
1.28535e+06
1.21058e+06
1.3309e+06
1.27912e+06
1.14899e+06
1.32826e+06
1.31044e+06
1.32791e+06
1.22322e+06
1.31809e+06
1.22591e+06
1.34149e+06
1.36303e+06
1.28861e+06
1.34643e+06
1.40374e+06
1.3525e+06
1.34829e+06
1.1998e+06
1.3262e+06
1.31246e+06
1.35113e+06
1.39192e+06
1.26409e+06
1.3142e+06
1.35571e+06
1.31172e+06
1.21623e+06
1.26433e+06
1.28601e+06
1.23647e+06
1.31364e+06
1.27127e+06
1.34013e+06
1.22838e+06
1.28309e+06
1.20422e+06
1.25077e+06
1.19295e+06
1.1792e+06
1.20467e+06
1.34507e+06
1.32398e+06
1.24985e+06
1.35643e+06
1.25024e+06
1.2579e+06
1.29974e+06
1.30593e+06
1.30659e+06
1.24177e+06
1.34651e+06
1.32234e+06
1.2513e+06
1.29814e+06
1.16794e+06
1.34108e+06
1.20183e+06
1.21844e+06
1.21798e+06
1.28008e+06
1.19108e+06
1.24113e+06
1.28912e+06
1.16191e+06
1.22501e+06
1.16845e+06
1.2044e+06
1.22599e+06
1.29389e+06
1.22906e+06
1.42491e+06
1.37818e+06
1.38049e+06
1.39096e+06
1.28256e+06
1.3775e+06
1.29693e+06
1.30238e+06
1.32801e+06
1.30015e+06
1.30743e+06
1.31216e+06
1.35697e+06
1.29655e+06
1.23442e+06
1.27113e+06
1.27973e+06
1.22235e+06
1.22082e+06
1.23585e+06
1.26337e+06
1.25078e+06
1.35253e+06
1.22267e+06
1.34518e+06
1.33684e+06
1.24232e+06
1.28656e+06
1.32821e+06
1.27413e+06
1.2464e+06
1.25962e+06
1.24048e+06
1.17604e+06
1.2348e+06
1.26078e+06
1.3651e+06
1.32503e+06
1.24512e+06
1.20849e+06
1.32331e+06
1.31178e+06
1.25444e+06
1.23541e+06
1.29822e+06
1.22963e+06
1.26285e+06
1.28047e+06
1.25304e+06
1.26437e+06
1.28828e+06
1.31819e+06
1.33912e+06
1.28291e+06
1.32255e+06
1.19477e+06
1.3052e+06
1.22583e+06
1.28363e+06
1.27395e+06
1.28669e+06
1.24398e+06
1.27358e+06
1.28922e+06
1.395e+06
1.37314e+06
1.22856e+06
1.24411e+06
1.24337e+06
1.28991e+06
1.28919e+06
1.31362e+06
1.22949e+06
1.31707e+06
1.33859e+06
1.23725e+06
1.50685e+06
1.3197e+06
1.31332e+06
1.23019e+06
1.37708e+06
1.33523e+06
1.32667e+06
1.37813e+06
1.35192e+06
1.28201e+06
1.27071e+06
1.42769e+06
1.31348e+06
1.3146e+06
1.22655e+06
1.33486e+06
1.41664e+06
1.37331e+06
1.31848e+06
1.31531e+06
1.35473e+06
1.3258e+06
1.44828e+06
1.5029e+06
1.45453e+06
1.25735e+06
1.26828e+06
1.39227e+06
1.41091e+06
1.30848e+06
1.30119e+06
1.29615e+06
1.28485e+06
1.32047e+06
1.38922e+06
1.19701e+06
1.33651e+06
1.34139e+06
1.24814e+06
1.26022e+06
1.25471e+06
1.29965e+06
1.32407e+06
1.37783e+06
1.52204e+06
1.36877e+06
1.39048e+06
1.2608e+06
1.25226e+06
1.32678e+06
1.42979e+06
1.26228e+06
1.26054e+06
1.38255e+06
1.37889e+06
1.3764e+06
1.38912e+06
1.38928e+06
1.35083e+06
1.42705e+06
1.37219e+06
1.40796e+06
1.31505e+06
1.22577e+06
1.22821e+06
1.23309e+06
1.42128e+06
1.39189e+06
1.31312e+06
1.49964e+06
1.38121e+06
1.36425e+06
1.4024e+06
1.40263e+06
1.43992e+06
1.42161e+06
1.31096e+06
1.32957e+06
1.35728e+06
1.30216e+06
1.3894e+06
1.39953e+06
1.40992e+06
1.34305e+06
1.37334e+06
1.43735e+06
1.52232e+06
1.39393e+06
1.40692e+06
1.42552e+06
1.39037e+06
1.42017e+06
1.38675e+06
1.39916e+06
1.4559e+06
1.36237e+06
1.32313e+06
1.39558e+06
1.3608e+06
1.34986e+06
1.47395e+06
1.41933e+06
1.4006e+06
1.38688e+06
1.27866e+06
1.32919e+06
1.43471e+06
1.45542e+06
1.48956e+06
1.4354e+06
1.39782e+06
1.38169e+06
1.46314e+06
1.32889e+06
1.33133e+06
1.31993e+06
1.31527e+06
1.36247e+06
1.37512e+06
1.48959e+06
1.37467e+06
1.45629e+06
1.28767e+06
1.41827e+06
1.42945e+06
1.38834e+06
1.4439e+06
1.53073e+06
1.42349e+06
1.34191e+06
1.37754e+06
1.29664e+06
1.32298e+06
1.31274e+06
1.28975e+06
1.41638e+06
1.41836e+06
1.47961e+06
1.34892e+06
1.47396e+06
1.37644e+06
1.41499e+06
1.49744e+06
1.40714e+06
1.38661e+06
1.37565e+06
1.36855e+06
1.3255e+06
1.27708e+06
1.36933e+06
1.34025e+06
1.41537e+06
1.42446e+06
1.3506e+06
1.37091e+06
1.31287e+06
1.35331e+06
1.49422e+06
1.40635e+06
1.39798e+06
1.36805e+06
1.34906e+06
1.3264e+06
1.41949e+06
1.35947e+06
1.33178e+06
1.37005e+06
1.36307e+06
1.43163e+06
1.42063e+06
1.46605e+06
1.42041e+06
1.54197e+06
1.45904e+06
1.41556e+06
1.4592e+06
1.43778e+06
1.40082e+06
1.41728e+06
1.3345e+06
1.37007e+06
1.44729e+06
1.46557e+06
1.53465e+06
1.46994e+06
1.36164e+06
1.4591e+06
1.45039e+06
1.54317e+06
1.38794e+06
1.46944e+06
1.37607e+06
1.50897e+06
1.39822e+06
1.38791e+06
1.36141e+06
1.3889e+06
1.40463e+06
1.3119e+06
1.34814e+06
1.41594e+06
1.37882e+06
1.53591e+06
1.47291e+06
1.47867e+06
1.49352e+06
1.47884e+06
1.43876e+06
1.4599e+06
1.47582e+06
1.45201e+06
1.42201e+06
1.39912e+06
1.41141e+06
1.54317e+06
1.34624e+06
1.34146e+06
1.42401e+06
1.46553e+06
1.47445e+06
1.41042e+06
1.39212e+06
1.35415e+06
1.40217e+06
1.35094e+06
1.43034e+06
1.3566e+06
1.3684e+06
1.39598e+06
1.30987e+06
1.35304e+06
1.31711e+06
1.30632e+06
1.24325e+06
1.2914e+06
1.29599e+06
1.26382e+06
1.31745e+06
1.33482e+06
1.2955e+06
1.31571e+06
1.37381e+06
1.2487e+06
1.32753e+06
1.26857e+06
1.27194e+06
1.3535e+06
1.26926e+06
1.30722e+06
1.2662e+06
1.29958e+06
1.2826e+06
1.38841e+06
1.22558e+06
1.26991e+06
1.30747e+06
1.29753e+06
1.2821e+06
1.32006e+06
1.31763e+06
1.32653e+06
1.34184e+06
1.39039e+06
1.32779e+06
1.39565e+06
1.38064e+06
1.37535e+06
1.40288e+06
1.33277e+06
1.36538e+06
1.43549e+06
1.46104e+06
1.45997e+06
1.44512e+06
1.46302e+06
1.33357e+06
1.24011e+06
1.38416e+06
1.3384e+06
1.36022e+06
1.31881e+06
1.37665e+06
1.33348e+06
1.42313e+06
1.37187e+06
1.37711e+06
1.33108e+06
1.35768e+06
1.30174e+06
1.32438e+06
1.47495e+06
1.37964e+06
1.35129e+06
1.3565e+06
1.41932e+06
1.33015e+06
1.42057e+06
1.4488e+06
1.39055e+06
1.39073e+06
1.43271e+06
1.45295e+06
1.54638e+06
1.489e+06
1.31667e+06
1.34796e+06
1.33517e+06
1.39785e+06
1.34665e+06
1.38383e+06
1.40671e+06
1.39167e+06
1.36347e+06
1.36539e+06
1.39085e+06
1.42139e+06
1.45096e+06
1.35232e+06
1.34115e+06
1.45724e+06
1.39384e+06
1.36988e+06
1.44603e+06
1.4019e+06
1.3746e+06
1.40475e+06
1.43089e+06
1.37487e+06
1.37146e+06
1.36052e+06
1.38886e+06
1.36343e+06
1.37749e+06
1.34628e+06
1.35229e+06
1.42047e+06
1.36058e+06
1.45723e+06
1.37128e+06
1.47118e+06
1.4301e+06
1.45455e+06
1.57877e+06
1.51018e+06
1.49494e+06
1.51808e+06
1.44412e+06
1.38449e+06
1.31823e+06
1.36533e+06
1.32164e+06
1.35245e+06
1.37655e+06
1.4017e+06
1.36893e+06
1.33105e+06
1.32993e+06
1.37376e+06
1.40781e+06
1.39808e+06
1.36831e+06
1.37379e+06
1.41765e+06
1.29674e+06
1.37003e+06
1.28767e+06
1.39687e+06
1.46141e+06
1.47502e+06
1.40399e+06
1.40171e+06
1.44255e+06
1.41465e+06
1.40139e+06
1.39625e+06
1.38945e+06
1.40054e+06
1.4358e+06
1.38842e+06
1.31006e+06
1.36179e+06
1.30984e+06
1.37453e+06
1.33216e+06
1.4012e+06
1.42777e+06
1.51727e+06
1.52247e+06
1.50662e+06
1.4181e+06
1.39921e+06
1.40408e+06
1.38195e+06
1.44063e+06
1.45851e+06
1.43269e+06
1.40097e+06
1.46009e+06
1.37911e+06
1.41195e+06
1.44513e+06
1.3366e+06
1.34431e+06
1.38992e+06
1.37457e+06
1.38811e+06
1.38544e+06
1.32375e+06
1.39505e+06
1.37655e+06
1.35866e+06
1.38261e+06
1.39021e+06
1.45226e+06
1.36712e+06
1.3628e+06
1.42867e+06
1.37392e+06
1.42409e+06
1.38413e+06
1.3291e+06
1.31352e+06
1.37388e+06
1.37126e+06
1.45656e+06
1.43177e+06
1.40582e+06
1.45005e+06
1.36766e+06
1.31589e+06
1.44515e+06
1.45915e+06
1.3316e+06
1.40448e+06
1.41224e+06
1.44848e+06
1.41409e+06
1.45123e+06
1.41872e+06
1.42907e+06
1.36624e+06
1.43586e+06
1.4959e+06
1.36683e+06
1.3584e+06
1.38916e+06
1.38352e+06
1.33479e+06
1.3918e+06
1.3515e+06
1.36437e+06
1.35577e+06
1.37849e+06
1.43136e+06
1.47105e+06
1.41633e+06
1.58249e+06
1.46689e+06
1.37631e+06
1.47275e+06
1.42802e+06
1.50637e+06
1.43087e+06
1.48347e+06
1.42764e+06
1.38398e+06
1.53938e+06
1.3964e+06
1.36011e+06
1.49003e+06
1.46597e+06
1.43476e+06
1.44839e+06
1.54824e+06
1.41717e+06
1.41054e+06
1.45187e+06
1.49299e+06
1.44196e+06
1.56974e+06
1.5365e+06
1.52156e+06
1.50633e+06
1.46294e+06
1.43174e+06
1.50075e+06
1.54903e+06
1.54058e+06
1.41433e+06
1.49142e+06
1.47788e+06
1.43395e+06
1.41263e+06
1.47501e+06
1.57626e+06
1.48314e+06
1.4737e+06
1.42958e+06
1.41574e+06
1.42764e+06
1.51337e+06
1.52214e+06
1.39235e+06
1.41406e+06
1.52412e+06
1.59607e+06
1.46121e+06
1.38089e+06
1.46842e+06
1.56458e+06
1.50481e+06
1.44495e+06
1.3861e+06
1.49149e+06
1.52465e+06
1.42577e+06
1.36995e+06
1.5134e+06
1.4771e+06
1.41464e+06
1.38329e+06
1.51285e+06
1.48587e+06
1.50484e+06
1.53508e+06
1.45e+06
1.43058e+06
1.40719e+06
1.4882e+06
1.43269e+06
1.37009e+06
1.43538e+06
1.43286e+06
1.47049e+06
1.45131e+06
1.45259e+06
1.41042e+06
1.45782e+06
1.43334e+06
1.62759e+06
1.51141e+06
1.37923e+06
1.45491e+06
1.3977e+06
1.43153e+06
1.52413e+06
1.49743e+06
1.43962e+06
1.4038e+06
1.46254e+06
1.48224e+06
1.45949e+06
1.36623e+06
1.32689e+06
1.36579e+06
1.42045e+06
1.46556e+06
1.34512e+06
1.4644e+06
1.44034e+06
1.41816e+06
1.63541e+06
1.56656e+06
1.48869e+06
1.6164e+06
1.41074e+06
1.4366e+06
1.45709e+06
1.47984e+06
1.4679e+06
1.46451e+06
1.56028e+06
1.49471e+06
1.42554e+06
1.4493e+06
1.44127e+06
1.39696e+06
1.4417e+06
1.47973e+06
1.42594e+06
1.41156e+06
1.48793e+06
1.55988e+06
1.47049e+06
1.46851e+06
1.41461e+06
1.48882e+06
1.48713e+06
1.4205e+06
1.47833e+06
1.38122e+06
1.42963e+06
1.47166e+06
1.49314e+06
1.55886e+06
1.46622e+06
1.482e+06
1.44659e+06
1.5104e+06
1.51587e+06
1.51615e+06
1.48557e+06
1.43076e+06
1.45324e+06
1.45097e+06
1.51634e+06
1.47351e+06
1.48058e+06
1.58041e+06
1.44868e+06
1.4279e+06
1.44309e+06
1.47623e+06
1.45936e+06
1.50757e+06
1.48801e+06
1.5107e+06
1.44657e+06
1.47268e+06
1.41473e+06
1.55386e+06
1.44634e+06
1.48369e+06
1.44202e+06
1.43011e+06
1.46436e+06
1.49718e+06
1.56013e+06
1.4174e+06
1.48936e+06
1.57057e+06
1.46835e+06
1.48653e+06
1.41613e+06
1.47606e+06
1.36646e+06
1.41544e+06
1.43322e+06
1.45818e+06
1.46211e+06
1.42522e+06
1.38915e+06
1.42877e+06
1.63536e+06
1.56031e+06
1.46081e+06
1.47468e+06
1.71986e+06
1.47883e+06
1.56577e+06
1.49185e+06
1.68919e+06
1.55044e+06
1.49326e+06
1.41549e+06
1.4978e+06
1.44332e+06
1.45773e+06
1.53601e+06
1.59647e+06
1.59781e+06
1.41868e+06
1.49399e+06
1.52446e+06
1.56167e+06
1.43493e+06
1.4846e+06
1.51458e+06
1.50869e+06
1.46165e+06
1.51701e+06
1.52918e+06
1.51582e+06
1.49272e+06
1.46648e+06
1.38702e+06
1.48235e+06
1.50081e+06
1.48255e+06
1.44886e+06
1.49912e+06
1.42099e+06
1.52576e+06
1.50079e+06
1.49649e+06
1.49511e+06
1.41453e+06
1.49985e+06
1.42077e+06
1.49849e+06
1.44205e+06
1.49194e+06
1.46286e+06
1.45309e+06
1.43361e+06
1.44814e+06
1.47188e+06
1.53241e+06
1.45852e+06
1.50625e+06
1.48137e+06
1.46232e+06
1.54304e+06
1.48818e+06
1.43983e+06
1.43822e+06
1.56242e+06
1.54453e+06
1.49987e+06
1.5129e+06
1.55376e+06
1.40977e+06
1.40402e+06
1.48286e+06
1.48297e+06
1.49024e+06
1.47628e+06
1.51861e+06
1.52112e+06
1.50603e+06
1.55933e+06
1.52877e+06
1.45141e+06
1.5435e+06
1.46851e+06
1.39162e+06
1.49645e+06
1.46893e+06
1.44892e+06
1.48815e+06
1.45437e+06
1.50516e+06
1.49145e+06
1.42339e+06
1.53043e+06
1.51911e+06
1.43286e+06
1.50114e+06
1.4774e+06
1.48959e+06
1.4833e+06
1.49922e+06
1.48834e+06
1.53943e+06
1.52489e+06
1.53653e+06
1.55174e+06
1.52198e+06
1.46923e+06
1.54552e+06
1.50428e+06
1.49318e+06
1.52575e+06
1.50048e+06
1.50405e+06
1.47211e+06
1.5203e+06
1.48391e+06
1.45591e+06
1.543e+06
1.4715e+06
1.4789e+06
1.53354e+06
1.47887e+06
1.44776e+06
1.53525e+06
1.48411e+06
1.41831e+06
1.36508e+06
1.48913e+06
1.50392e+06
1.39709e+06
1.47631e+06
1.50821e+06
1.51485e+06
1.48244e+06
1.49787e+06
1.51866e+06
1.50548e+06
1.48133e+06
1.62907e+06
1.51305e+06
1.42226e+06
1.5143e+06
1.51921e+06
1.493e+06
1.52564e+06
1.53359e+06
1.49131e+06
1.4928e+06
1.48471e+06
1.5304e+06
1.5256e+06
1.4587e+06
1.54543e+06
1.43491e+06
1.49694e+06
1.52741e+06
1.4806e+06
1.51211e+06
1.55477e+06
1.48653e+06
1.56366e+06
1.56973e+06
1.54474e+06
1.49852e+06
1.5112e+06
1.50788e+06
1.61418e+06
1.51169e+06
1.48704e+06
1.52706e+06
1.62638e+06
1.507e+06
1.55694e+06
1.5364e+06
1.49099e+06
1.54469e+06
1.55774e+06
1.47637e+06
1.53696e+06
1.60223e+06
1.5472e+06
1.56718e+06
1.60721e+06
1.51066e+06
1.49156e+06
1.54005e+06
1.52396e+06
1.50097e+06
1.46698e+06
1.54216e+06
1.56642e+06
1.608e+06
1.55475e+06
1.57285e+06
1.6405e+06
1.57354e+06
1.65131e+06
1.54281e+06
1.51875e+06
1.62289e+06
1.5979e+06
1.42262e+06
1.56638e+06
1.59158e+06
1.62396e+06
1.52605e+06
1.66924e+06
1.62748e+06
1.53519e+06
1.50317e+06
1.50011e+06
1.57137e+06
1.48792e+06
1.52845e+06
1.50462e+06
1.4988e+06
1.54251e+06
1.64748e+06
1.49261e+06
1.60215e+06
1.62492e+06
1.52317e+06
1.55183e+06
1.48817e+06
1.62415e+06
1.59672e+06
1.52751e+06
1.55357e+06
1.53466e+06
1.58904e+06
1.51763e+06
1.53151e+06
1.53593e+06
1.57009e+06
1.57153e+06
1.54844e+06
1.5965e+06
1.56743e+06
1.53642e+06
1.55409e+06
1.56489e+06
1.48974e+06
1.48505e+06
1.53695e+06
1.60112e+06
1.55833e+06
1.55715e+06
1.4989e+06
1.55195e+06
1.50894e+06
1.60722e+06
1.52086e+06
1.5805e+06
1.57424e+06
1.61498e+06
1.64094e+06
1.61566e+06
1.599e+06
1.60105e+06
1.46625e+06
1.74317e+06
1.75785e+06
1.78578e+06
1.62916e+06
1.72929e+06
1.56394e+06
1.66722e+06
1.68061e+06
1.70928e+06
1.77604e+06
1.49738e+06
1.65598e+06
1.60757e+06
1.52385e+06
1.54138e+06
1.50189e+06
1.60149e+06
1.71622e+06
1.75244e+06
1.7022e+06
1.664e+06
1.71858e+06
1.83361e+06
1.72616e+06
1.60722e+06
1.54862e+06
1.58768e+06
1.68732e+06
1.51966e+06
1.65597e+06
1.71472e+06
1.67725e+06
1.70543e+06
1.72466e+06
1.70034e+06
1.58186e+06
1.75795e+06
1.55745e+06
1.91547e+06
1.87942e+06
1.79991e+06
1.6975e+06
1.61053e+06
1.50455e+06
1.61418e+06
1.70409e+06
1.71817e+06
1.6701e+06
1.76285e+06
1.69495e+06
1.65023e+06
1.52708e+06
1.70282e+06
1.79005e+06
1.65232e+06
1.72514e+06
1.52341e+06
1.66122e+06
1.7708e+06
1.72672e+06
1.71842e+06
1.70179e+06
1.65463e+06
1.76615e+06
1.7265e+06
1.72745e+06
1.56542e+06
1.59237e+06
1.56615e+06
1.58591e+06
1.64348e+06
1.65856e+06
1.59462e+06
1.74205e+06
1.63963e+06
1.55664e+06
1.72972e+06
1.74128e+06
1.62442e+06
1.56681e+06
1.57305e+06
1.55401e+06
1.56815e+06
1.63981e+06
1.59616e+06
1.56145e+06
1.73068e+06
1.73612e+06
1.71508e+06
1.54076e+06
1.5797e+06
1.56448e+06
1.75725e+06
1.744e+06
1.64103e+06
1.6277e+06
1.51993e+06
1.58387e+06
1.55476e+06
1.5789e+06
1.62412e+06
1.58831e+06
1.69045e+06
1.61407e+06
1.61791e+06
1.64591e+06
1.58105e+06
1.71514e+06
1.58863e+06
1.48329e+06
1.63079e+06
1.6366e+06
1.60738e+06
1.70906e+06
1.59211e+06
1.58942e+06
1.60331e+06
1.60611e+06
1.6251e+06
1.68675e+06
1.61242e+06
1.63656e+06
1.57791e+06
1.58511e+06
1.54782e+06
1.62619e+06
1.72158e+06
1.6531e+06
1.62414e+06
1.5561e+06
1.52047e+06
1.57087e+06
1.64146e+06
1.63775e+06
1.61914e+06
1.64782e+06
1.63508e+06
1.58052e+06
1.6021e+06
1.63277e+06
1.64517e+06
1.5298e+06
1.5798e+06
1.58688e+06
1.66733e+06
1.65796e+06
1.70998e+06
1.57097e+06
1.61853e+06
1.57756e+06
1.65815e+06
1.68146e+06
1.5889e+06
1.65848e+06
1.62716e+06
1.55281e+06
1.56834e+06
1.62119e+06
1.66959e+06
1.59103e+06
1.65266e+06
1.58865e+06
1.75789e+06
1.69819e+06
1.62329e+06
1.87532e+06
1.69212e+06
1.75835e+06
1.67393e+06
1.64947e+06
1.68101e+06
1.70242e+06
1.7177e+06
1.75892e+06
1.73464e+06
1.75004e+06
1.59316e+06
1.54091e+06
1.56493e+06
1.64427e+06
1.52243e+06
1.59017e+06
1.59595e+06
1.55888e+06
1.70138e+06
1.72062e+06
1.83707e+06
1.63886e+06
1.69666e+06
1.60582e+06
1.81523e+06
1.69946e+06
1.79162e+06
1.66952e+06
1.77383e+06
1.75712e+06
1.80229e+06
1.69592e+06
1.84871e+06
1.7281e+06
1.81444e+06
1.85774e+06
1.63961e+06
1.66905e+06
1.64893e+06
1.76948e+06
1.70125e+06
1.65934e+06
1.70456e+06
1.86725e+06
1.65984e+06
1.64614e+06
1.74055e+06
1.69805e+06
1.61212e+06
1.82824e+06
1.84196e+06
1.64315e+06
1.67881e+06
1.674e+06
1.66104e+06
1.5527e+06
1.61859e+06
1.71532e+06
1.70176e+06
1.62585e+06
1.70984e+06
1.66874e+06
1.7619e+06
1.70204e+06
1.69679e+06
1.80095e+06
1.59458e+06
1.61815e+06
1.75029e+06
1.69835e+06
1.64188e+06
1.69016e+06
1.68505e+06
1.569e+06
1.66335e+06
1.55962e+06
1.58168e+06
1.63819e+06
1.63041e+06
1.57294e+06
1.62107e+06
1.65762e+06
1.61854e+06
1.66779e+06
1.66263e+06
1.7323e+06
1.63052e+06
1.67622e+06
1.57335e+06
1.58729e+06
1.52357e+06
1.62627e+06
1.58802e+06
1.5761e+06
1.65386e+06
1.686e+06
1.73104e+06
1.64424e+06
1.62189e+06
1.70541e+06
1.70394e+06
1.5579e+06
1.58016e+06
1.63816e+06
1.62533e+06
1.69228e+06
1.65012e+06
1.6256e+06
1.60461e+06
1.60182e+06
1.59591e+06
1.58016e+06
1.57909e+06
1.62052e+06
1.61038e+06
1.65164e+06
1.57657e+06
1.66589e+06
1.69603e+06
1.65041e+06
1.70617e+06
1.62446e+06
1.65793e+06
1.66046e+06
1.62462e+06
1.75084e+06
1.62861e+06
1.53336e+06
1.62904e+06
1.70573e+06
1.70804e+06
1.7002e+06
1.66661e+06
1.66122e+06
1.61902e+06
1.77363e+06
1.9074e+06
1.71825e+06
1.75334e+06
1.7984e+06
1.63892e+06
1.70019e+06
1.63389e+06
1.68762e+06
1.83796e+06
1.70491e+06
1.76441e+06
1.59134e+06
1.72511e+06
1.64798e+06
1.69707e+06
1.69908e+06
1.70475e+06
1.59671e+06
1.72875e+06
1.62136e+06
1.66818e+06
1.54445e+06
1.60082e+06
1.65125e+06
1.66985e+06
1.62076e+06
1.76518e+06
1.67838e+06
1.74039e+06
1.70317e+06
1.69401e+06
1.69039e+06
1.72132e+06
1.72115e+06
1.61044e+06
1.81188e+06
1.85672e+06
1.85481e+06
1.59052e+06
1.67333e+06
1.69126e+06
1.6952e+06
1.71752e+06
1.74609e+06
1.70153e+06
1.59684e+06
1.61682e+06
1.66426e+06
1.93675e+06
1.89403e+06
1.62477e+06
1.70924e+06
1.87577e+06
1.89785e+06
1.75271e+06
1.81281e+06
1.8881e+06
1.83925e+06
1.85144e+06
1.73963e+06
1.6917e+06
1.66904e+06
1.87124e+06
1.77788e+06
1.90198e+06
1.66738e+06
1.67239e+06
1.63444e+06
1.63251e+06
1.78648e+06
1.72005e+06
1.68299e+06
1.7272e+06
1.77118e+06
1.7177e+06
1.69309e+06
1.63847e+06
1.78955e+06
1.67451e+06
1.60468e+06
1.66884e+06
1.66068e+06
1.66503e+06
1.69041e+06
1.69318e+06
1.7743e+06
1.68264e+06
1.71293e+06
1.67768e+06
1.6539e+06
1.76016e+06
1.68137e+06
1.72851e+06
1.81978e+06
1.71797e+06
1.78001e+06
1.66156e+06
1.7811e+06
1.65335e+06
1.7296e+06
1.74495e+06
1.6554e+06
1.83822e+06
1.74632e+06
1.76781e+06
1.88949e+06
1.91086e+06
1.93881e+06
1.75685e+06
1.79463e+06
1.71808e+06
1.8746e+06
1.82145e+06
1.77832e+06
1.78638e+06
1.81272e+06
1.70676e+06
1.98407e+06
1.95421e+06
1.71496e+06
1.67717e+06
1.70266e+06
1.70564e+06
1.70559e+06
1.80687e+06
1.77163e+06
1.75884e+06
1.69779e+06
1.7928e+06
1.79768e+06
1.70124e+06
1.72385e+06
1.7185e+06
1.71779e+06
1.70354e+06
1.71606e+06
1.66263e+06
1.71175e+06
1.74974e+06
1.73455e+06
1.70751e+06
1.73871e+06
1.64075e+06
1.71395e+06
1.70166e+06
1.66808e+06
1.64485e+06
1.69797e+06
1.67407e+06
1.69843e+06
1.72267e+06
1.7373e+06
1.72533e+06
1.75162e+06
1.68106e+06
1.72411e+06
1.66613e+06
1.72421e+06
1.71769e+06
1.79073e+06
1.74497e+06
1.79011e+06
1.67331e+06
1.69352e+06
1.68321e+06
1.66954e+06
1.6778e+06
1.68696e+06
1.77739e+06
1.64291e+06
1.67027e+06
1.73883e+06
1.7093e+06
1.73104e+06
1.72341e+06
1.67059e+06
1.84389e+06
1.73075e+06
1.68437e+06
1.79016e+06
1.79728e+06
1.71158e+06
1.79423e+06
1.65125e+06
1.87629e+06
1.75265e+06
1.7758e+06
1.92273e+06
1.95784e+06
1.80458e+06
1.727e+06
1.7875e+06
1.68056e+06
1.83358e+06
1.82789e+06
1.99526e+06
1.78437e+06
1.66745e+06
1.69209e+06
1.7321e+06
1.79902e+06
1.82728e+06
1.68546e+06
1.68984e+06
1.61547e+06
1.6758e+06
1.67456e+06
1.65561e+06
1.71537e+06
1.76588e+06
1.72715e+06
1.80119e+06
1.71203e+06
1.82314e+06
1.83007e+06
1.74781e+06
1.71235e+06
1.69089e+06
1.85716e+06
1.6471e+06
1.67293e+06
1.72043e+06
1.70484e+06
1.73604e+06
1.76319e+06
1.78631e+06
1.71768e+06
1.79103e+06
1.66978e+06
1.70736e+06
1.84002e+06
1.74417e+06
1.77469e+06
1.62987e+06
1.73008e+06
1.77412e+06
1.87549e+06
1.70287e+06
1.85308e+06
1.82771e+06
1.65355e+06
1.72526e+06
1.86772e+06
1.77428e+06
1.71855e+06
1.66487e+06
1.7638e+06
1.73052e+06
1.74313e+06
1.70903e+06
1.75855e+06
1.72174e+06
1.73198e+06
1.72111e+06
1.73893e+06
1.76571e+06
1.80784e+06
1.67506e+06
1.8307e+06
1.73321e+06
1.69222e+06
1.90065e+06
1.80787e+06
1.78847e+06
1.80761e+06
1.84391e+06
1.93032e+06
1.86492e+06
1.75591e+06
1.84944e+06
1.81703e+06
1.86322e+06
1.88771e+06
1.73608e+06
1.80762e+06
1.76526e+06
1.7105e+06
1.74162e+06
1.74868e+06
1.7629e+06
1.87146e+06
1.72436e+06
2.0289e+06
1.81322e+06
1.90607e+06
1.84069e+06
1.83785e+06
2.0057e+06
1.78201e+06
1.83739e+06
1.8676e+06
1.93174e+06
2.04893e+06
1.87187e+06
2.062e+06
1.93965e+06
1.94295e+06
1.92956e+06
1.92432e+06
1.87679e+06
1.95389e+06
1.78915e+06
1.82724e+06
1.91303e+06
1.993e+06
1.80639e+06
1.98537e+06
2.01121e+06
2.21945e+06
2.06075e+06
2.03437e+06
2.0141e+06
2.0607e+06
1.90589e+06
1.8425e+06
1.99642e+06
1.79891e+06
2.0602e+06
1.93068e+06
1.78066e+06
1.84001e+06
1.94986e+06
1.78988e+06
1.95009e+06
1.69586e+06
1.78034e+06
1.86954e+06
1.8692e+06
1.90512e+06
1.80736e+06
1.81039e+06
1.98476e+06
1.75542e+06
1.8451e+06
1.96254e+06
1.83088e+06
1.91309e+06
2.05893e+06
1.83474e+06
1.93386e+06
1.91351e+06
1.84874e+06
1.77547e+06
1.84695e+06
1.77572e+06
1.67872e+06
1.89011e+06
1.8998e+06
1.85727e+06
1.87137e+06
1.791e+06
1.81718e+06
1.81751e+06
1.77759e+06
1.75902e+06
1.83463e+06
1.79045e+06
2.02283e+06
1.98601e+06
1.68586e+06
1.73298e+06
1.91631e+06
1.75828e+06
1.79338e+06
1.73286e+06
1.79624e+06
1.84797e+06
1.73234e+06
1.84646e+06
1.87418e+06
1.86225e+06
1.77762e+06
1.74565e+06
1.74405e+06
1.89094e+06
1.92709e+06
1.89892e+06
1.92633e+06
2.00111e+06
1.85562e+06
1.78259e+06
1.74738e+06
1.90096e+06
1.90438e+06
1.96961e+06
1.88471e+06
1.92583e+06
2.08121e+06
1.79334e+06
1.62352e+06
1.67951e+06
1.73754e+06
1.79589e+06
1.92143e+06
1.93222e+06
1.94403e+06
1.68632e+06
1.96366e+06
1.8864e+06
2.07353e+06
1.89019e+06
1.8954e+06
1.97559e+06
1.83305e+06
1.97009e+06
1.7459e+06
1.85507e+06
1.77001e+06
1.7221e+06
1.83003e+06
1.86402e+06
2.03964e+06
2.01973e+06
1.90644e+06
1.80406e+06
1.9512e+06
1.85053e+06
1.99206e+06
1.95815e+06
1.89036e+06
1.82118e+06
1.87841e+06
1.89076e+06
1.84176e+06
1.88604e+06
1.80621e+06
1.9983e+06
1.9829e+06
2.19225e+06
1.96603e+06
1.87135e+06
1.82315e+06
1.87059e+06
1.79272e+06
1.98214e+06
1.86254e+06
1.72922e+06
1.74238e+06
1.86313e+06
1.90187e+06
1.94643e+06
1.80056e+06
1.75555e+06
1.93029e+06
1.77737e+06
1.87271e+06
1.75552e+06
1.83755e+06
1.83761e+06
1.80796e+06
1.79607e+06
1.92242e+06
2.02609e+06
2.08563e+06
1.89193e+06
1.9886e+06
1.85973e+06
1.88e+06
1.83202e+06
1.86959e+06
1.88473e+06
1.97524e+06
2.1811e+06
1.88447e+06
1.89477e+06
1.88415e+06
1.84254e+06
1.73296e+06
1.8418e+06
1.79539e+06
1.8112e+06
1.80585e+06
1.85755e+06
1.78555e+06
1.87544e+06
1.80015e+06
1.75278e+06
1.86018e+06
1.76934e+06
1.81161e+06
1.97919e+06
1.9602e+06
1.85435e+06
2.02125e+06
1.96264e+06
1.90839e+06
1.83793e+06
1.83362e+06
1.91111e+06
1.72607e+06
1.75973e+06
1.81665e+06
1.77645e+06
1.96425e+06
1.92007e+06
1.78103e+06
1.82548e+06
1.79136e+06
1.83729e+06
1.70749e+06
1.89432e+06
1.80113e+06
1.86069e+06
1.82818e+06
1.79849e+06
1.93603e+06
1.85402e+06
1.83113e+06
1.88627e+06
1.70456e+06
1.69485e+06
1.89143e+06
1.88235e+06
1.86867e+06
1.83401e+06
1.7873e+06
1.88392e+06
1.82434e+06
1.93556e+06
1.8577e+06
1.79466e+06
1.87087e+06
1.78899e+06
1.82651e+06
1.85923e+06
1.89224e+06
1.78739e+06
1.89922e+06
1.8217e+06
1.82113e+06
1.76009e+06
1.76551e+06
1.8998e+06
1.80112e+06
1.83896e+06
1.88196e+06
1.89878e+06
1.97688e+06
1.85123e+06
1.79928e+06
1.8951e+06
1.85662e+06
1.78679e+06
1.83606e+06
1.88381e+06
1.90148e+06
1.78822e+06
1.7406e+06
1.78101e+06
1.90274e+06
1.86549e+06
1.82737e+06
1.85825e+06
1.84425e+06
1.75101e+06
1.91064e+06
1.78867e+06
1.9181e+06
1.83299e+06
1.81093e+06
1.80668e+06
1.77998e+06
1.83197e+06
1.85045e+06
1.80467e+06
1.89631e+06
1.77494e+06
1.84286e+06
1.74565e+06
1.86074e+06
1.83597e+06
1.86494e+06
1.80594e+06
1.78638e+06
1.90058e+06
1.85981e+06
1.7556e+06
1.80109e+06
1.84537e+06
1.81198e+06
1.91246e+06
1.86235e+06
1.91477e+06
1.94154e+06
1.80231e+06
1.83465e+06
1.92027e+06
1.8425e+06
1.84026e+06
1.88402e+06
1.94109e+06
1.80043e+06
1.89467e+06
1.85064e+06
1.90509e+06
1.85739e+06
1.91352e+06
1.86974e+06
1.9064e+06
2.00135e+06
1.87234e+06
2.00354e+06
1.81988e+06
1.94514e+06
1.88517e+06
1.86728e+06
1.71911e+06
1.80073e+06
1.7512e+06
1.78099e+06
1.89968e+06
1.80577e+06
1.80534e+06
2.00083e+06
1.83814e+06
1.88554e+06
1.86425e+06
1.85114e+06
1.92519e+06
1.87518e+06
1.80499e+06
1.86711e+06
1.80369e+06
1.8183e+06
1.82216e+06
1.96673e+06
1.86539e+06
1.83129e+06
1.85505e+06
1.89453e+06
1.90594e+06
1.87693e+06
1.92586e+06
1.76055e+06
1.8868e+06
1.86922e+06
2.08491e+06
1.96804e+06
1.91102e+06
1.80188e+06
1.86954e+06
1.91016e+06
1.88869e+06
1.83464e+06
1.87891e+06
1.91559e+06
1.8902e+06
1.73282e+06
1.95689e+06
1.79081e+06
1.90361e+06
1.83489e+06
1.76413e+06
1.97566e+06
1.78927e+06
1.94566e+06
1.90317e+06
1.85492e+06
1.92076e+06
1.95716e+06
1.83291e+06
1.89276e+06
1.88835e+06
1.89037e+06
2.17114e+06
1.75202e+06
1.97388e+06
1.88657e+06
1.90891e+06
1.77193e+06
1.89283e+06
1.78402e+06
1.83204e+06
1.95216e+06
1.93839e+06
1.97556e+06
1.88188e+06
1.79807e+06
1.86203e+06
1.78529e+06
1.76635e+06
1.80881e+06
1.97446e+06
1.97114e+06
1.90953e+06
1.8181e+06
1.89158e+06
1.83738e+06
1.79012e+06
1.85529e+06
1.8476e+06
1.87147e+06
1.92873e+06
2.0515e+06
1.90979e+06
1.84848e+06
1.91262e+06
1.88514e+06
1.96097e+06
1.87572e+06
2.02903e+06
1.90041e+06
1.93749e+06
1.90423e+06
1.89776e+06
1.91994e+06
2.01231e+06
1.93367e+06
1.91348e+06
1.95447e+06
1.81348e+06
1.85644e+06
1.81648e+06
1.77416e+06
1.89232e+06
1.82475e+06
1.8849e+06
1.84898e+06
1.80959e+06
1.8956e+06
1.94625e+06
2.00885e+06
1.87008e+06
1.91304e+06
1.83274e+06
1.90449e+06
1.88602e+06
1.95074e+06
1.82253e+06
1.78892e+06
1.90071e+06
1.91141e+06
1.96585e+06
1.98418e+06
1.89123e+06
1.86326e+06
1.86301e+06
1.87567e+06
1.80963e+06
1.82937e+06
1.85355e+06
1.87704e+06
1.86884e+06
1.87488e+06
1.81138e+06
1.94338e+06
1.9905e+06
1.71485e+06
2.0097e+06
2.00562e+06
1.94248e+06
1.96384e+06
1.94596e+06
1.94088e+06
1.7681e+06
1.92424e+06
1.83944e+06
1.95291e+06
1.85827e+06
1.79775e+06
1.9342e+06
1.88473e+06
1.8393e+06
1.8387e+06
1.99046e+06
1.80227e+06
1.8027e+06
1.99384e+06
1.78636e+06
1.90205e+06
1.93944e+06
1.81393e+06
1.91672e+06
1.91827e+06
1.84451e+06
1.93507e+06
1.90583e+06
1.82846e+06
1.86668e+06
1.86526e+06
1.9439e+06
1.96443e+06
1.90658e+06
1.99362e+06
1.82729e+06
1.89069e+06
1.90014e+06
1.86447e+06
1.89221e+06
1.77328e+06
1.90643e+06
1.81313e+06
1.80852e+06
1.96554e+06
1.94871e+06
2.01177e+06
1.89637e+06
1.96007e+06
1.92325e+06
2.00189e+06
1.96955e+06
1.92862e+06
1.91271e+06
1.99132e+06
1.97192e+06
1.99301e+06
2.055e+06
1.89742e+06
1.85765e+06
1.95126e+06
1.94754e+06
1.94397e+06
1.88289e+06
1.85094e+06
1.90396e+06
1.88488e+06
1.96318e+06
1.98773e+06
1.89566e+06
1.96338e+06
1.9159e+06
1.90079e+06
1.81808e+06
2.0331e+06
1.90058e+06
1.95546e+06
1.9029e+06
1.9697e+06
1.95e+06
1.86778e+06
1.95244e+06
1.95432e+06
1.91676e+06
1.97272e+06
1.99814e+06
1.95451e+06
1.92522e+06
1.87522e+06
1.94697e+06
1.98552e+06
1.98236e+06
2.02219e+06
1.8097e+06
1.88615e+06
1.93645e+06
1.85741e+06
1.90314e+06
1.98741e+06
1.84109e+06
1.92821e+06
1.88309e+06
1.91674e+06
1.91001e+06
1.91206e+06
1.93285e+06
2.10124e+06
1.91451e+06
1.94292e+06
2.03001e+06
1.92663e+06
1.96836e+06
1.973e+06
2.01205e+06
1.94262e+06
1.91772e+06
1.89325e+06
1.8509e+06
1.84262e+06
1.90017e+06
1.88086e+06
1.9164e+06
1.92208e+06
1.95452e+06
1.91232e+06
1.99954e+06
1.87818e+06
1.90347e+06
2.06567e+06
1.91573e+06
1.98675e+06
1.91166e+06
1.88918e+06
1.92978e+06
1.99888e+06
1.86439e+06
1.93282e+06
1.82434e+06
1.91799e+06
1.86308e+06
1.99777e+06
2.01124e+06
1.92758e+06
1.93363e+06
1.86128e+06
1.89791e+06
1.87468e+06
1.87458e+06
1.99906e+06
1.86875e+06
2.0364e+06
1.95949e+06
1.86598e+06
1.9195e+06
1.99258e+06
1.89952e+06
2.00676e+06
1.89552e+06
1.93864e+06
1.9008e+06
1.95367e+06
2.05808e+06
1.94392e+06
1.88819e+06
1.962e+06
1.9019e+06
1.93288e+06
1.92327e+06
1.91364e+06
1.87685e+06
2.00956e+06
1.94423e+06
1.90935e+06
1.90844e+06
1.87819e+06
1.86931e+06
2.0722e+06
1.88478e+06
1.85253e+06
1.96179e+06
2.04602e+06
2.07539e+06
1.96317e+06
1.95393e+06
1.95118e+06
1.97968e+06
2.01284e+06
1.93195e+06
1.85148e+06
1.96759e+06
2.02019e+06
1.94735e+06
1.88881e+06
1.9697e+06
1.89946e+06
1.98562e+06
1.91461e+06
1.86515e+06
1.95252e+06
1.95616e+06
2.14147e+06
1.86544e+06
1.97321e+06
1.90615e+06
1.8839e+06
1.96516e+06
1.92172e+06
1.92793e+06
1.89665e+06
1.81069e+06
1.83941e+06
1.90281e+06
1.92871e+06
1.90398e+06
1.98089e+06
2.00865e+06
2.05694e+06
1.91578e+06
2.00233e+06
1.95276e+06
1.91675e+06
1.89475e+06
1.88995e+06
1.89131e+06
1.96038e+06
2.0403e+06
1.92203e+06
2.02615e+06
1.85543e+06
1.93329e+06
1.83038e+06
1.92873e+06
1.98e+06
1.94131e+06
1.82619e+06
1.88873e+06
1.9263e+06
1.84215e+06
2.02451e+06
2.03173e+06
2.00043e+06
2.05523e+06
2.13314e+06
2.21344e+06
1.9731e+06
1.98245e+06
2.10708e+06
2.06343e+06
1.93559e+06
1.9798e+06
2.02003e+06
2.02895e+06
1.9477e+06
1.97876e+06
1.98485e+06
1.84405e+06
1.97849e+06
2.17867e+06
2.2329e+06
2.00599e+06
1.92381e+06
1.99846e+06
1.95176e+06
2.02599e+06
1.99108e+06
1.92215e+06
2.03696e+06
2.01932e+06
2.09527e+06
2.05347e+06
2.10497e+06
2.00952e+06
2.15493e+06
2.09869e+06
1.98449e+06
1.93604e+06
2.09987e+06
2.03379e+06
2.06609e+06
1.89007e+06
1.85014e+06
2.00547e+06
1.95409e+06
2.01471e+06
2.02584e+06
2.07086e+06
1.97931e+06
1.96353e+06
1.94668e+06
2.02363e+06
1.97899e+06
1.9918e+06
1.95288e+06
2.04663e+06
1.92224e+06
1.96111e+06
1.9912e+06
2.03413e+06
2.02166e+06
1.99385e+06
1.98146e+06
1.85039e+06
2.00992e+06
1.96268e+06
1.92555e+06
2.09013e+06
1.92627e+06
2.05243e+06
2.15837e+06
2.02968e+06
2.12488e+06
1.9699e+06
2.01372e+06
1.91183e+06
2.07545e+06
1.96822e+06
1.96e+06
1.98301e+06
1.92001e+06
1.95662e+06
1.99332e+06
1.99036e+06
1.99925e+06
2.01605e+06
1.9096e+06
2.01269e+06
2.02768e+06
2.08502e+06
2.0875e+06
2.12347e+06
1.86861e+06
2.00111e+06
1.92402e+06
1.98397e+06
1.9954e+06
2.07636e+06
2.11135e+06
1.96893e+06
2.05401e+06
2.02848e+06
1.91843e+06
2.02219e+06
2.02332e+06
2.07753e+06
2.02634e+06
1.94912e+06
2.07013e+06
2.02229e+06
2.03468e+06
2.10318e+06
2.02471e+06
1.97256e+06
2.05397e+06
1.98117e+06
2.07999e+06
2.0523e+06
1.99613e+06
2.1877e+06
1.92503e+06
1.92712e+06
2.05501e+06
2.00475e+06
2.11693e+06
2.14439e+06
2.09591e+06
2.0294e+06
2.08176e+06
2.03189e+06
2.03122e+06
1.98551e+06
2.24699e+06
2.09817e+06
2.06307e+06
2.06644e+06
2.00895e+06
1.94922e+06
2.04104e+06
2.07069e+06
2.07586e+06
1.97799e+06
2.05005e+06
2.00008e+06
2.08713e+06
2.09509e+06
2.05115e+06
2.08995e+06
2.0517e+06
2.00694e+06
2.05509e+06
2.04152e+06
2.03426e+06
1.95212e+06
2.0778e+06
2.03303e+06
2.07827e+06
2.10498e+06
2.01517e+06
2.02127e+06
2.07736e+06
2.04865e+06
2.01238e+06
2.07464e+06
2.05152e+06
2.13053e+06
2.10242e+06
2.022e+06
1.97518e+06
2.09151e+06
2.09664e+06
1.9792e+06
1.95531e+06
1.885e+06
1.98457e+06
2.04287e+06
1.99991e+06
2.08751e+06
2.06999e+06
1.97121e+06
2.00217e+06
2.03784e+06
2.15153e+06
1.94629e+06
2.00474e+06
2.14155e+06
2.12949e+06
2.00418e+06
1.99772e+06
1.89915e+06
2.05828e+06
2.08039e+06
2.01559e+06
1.99252e+06
1.95231e+06
1.98766e+06
2.05883e+06
2.0089e+06
2.03666e+06
2.03309e+06
2.0432e+06
2.08217e+06
1.93687e+06
2.03488e+06
2.0583e+06
2.06863e+06
2.00134e+06
2.1573e+06
2.06308e+06
1.99336e+06
1.91585e+06
2.08864e+06
2.07619e+06
2.15146e+06
2.06388e+06
2.06711e+06
2.1321e+06
2.05415e+06
2.05177e+06
2.04101e+06
2.07425e+06
2.16823e+06
2.07445e+06
1.99816e+06
2.04301e+06
2.10431e+06
2.0574e+06
2.17071e+06
2.03117e+06
2.01335e+06
2.08825e+06
2.12468e+06
2.08093e+06
2.11148e+06
2.06765e+06
2.1144e+06
2.0325e+06
2.06254e+06
2.03172e+06
1.99755e+06
2.03785e+06
1.98819e+06
2.05725e+06
1.98363e+06
2.093e+06
1.87135e+06
2.05737e+06
2.05009e+06
2.06399e+06
2.08813e+06
2.05505e+06
2.073e+06
2.1501e+06
2.04933e+06
2.06995e+06
2.07356e+06
2.03664e+06
2.14567e+06
2.19823e+06
2.19081e+06
2.01714e+06
2.09399e+06
2.02168e+06
2.13633e+06
2.03944e+06
2.06966e+06
1.98081e+06
2.01049e+06
1.9568e+06
2.14317e+06
2.04318e+06
2.08784e+06
2.02766e+06
1.97494e+06
2.14982e+06
1.99468e+06
1.97212e+06
2.06725e+06
2.04423e+06
2.03092e+06
2.10141e+06
2.15969e+06
1.9138e+06
2.06099e+06
1.99903e+06
2.07295e+06
1.93785e+06
2.13232e+06
2.15177e+06
2.08799e+06
2.17798e+06
2.11014e+06
2.0742e+06
2.09836e+06
2.13425e+06
2.1765e+06
2.11356e+06
2.09182e+06
2.06894e+06
2.04819e+06
2.10891e+06
2.11059e+06
2.09028e+06
2.1193e+06
2.07103e+06
2.08022e+06
2.16341e+06
2.08975e+06
2.10927e+06
2.09593e+06
1.98451e+06
2.12808e+06
1.98435e+06
2.0537e+06
2.03185e+06
2.09267e+06
2.10647e+06
2.12016e+06
2.07999e+06
1.98083e+06
2.08982e+06
2.15769e+06
2.14113e+06
2.16644e+06
2.16142e+06
2.09216e+06
2.17154e+06
2.05902e+06
1.97806e+06
1.99432e+06
1.99277e+06
2.07569e+06
2.02186e+06
2.06497e+06
2.15877e+06
2.0536e+06
2.12941e+06
2.11424e+06
2.12888e+06
2.33071e+06
2.12812e+06
2.12317e+06
2.27193e+06
2.11636e+06
2.06539e+06
2.05431e+06
2.13562e+06
2.0867e+06
1.9936e+06
2.12833e+06
2.1368e+06
2.1196e+06
2.13425e+06
2.15518e+06
2.06647e+06
2.16305e+06
2.11845e+06
2.11564e+06
2.09362e+06
2.18675e+06
2.07519e+06
2.03309e+06
2.43176e+06
2.19877e+06
2.09029e+06
2.25783e+06
2.14331e+06
2.1365e+06
2.03021e+06
2.11073e+06
2.05486e+06
2.04669e+06
2.26197e+06
2.16441e+06
2.10447e+06
2.11951e+06
1.98251e+06
2.06675e+06
2.09466e+06
2.07353e+06
2.10937e+06
2.03233e+06
2.08462e+06
2.04895e+06
2.15118e+06
2.1949e+06
2.18165e+06
2.12799e+06
1.99751e+06
2.19318e+06
2.01224e+06
2.00491e+06
2.11729e+06
2.14808e+06
2.11199e+06
2.0101e+06
2.19928e+06
2.09643e+06
2.15198e+06
2.19139e+06
2.13326e+06
2.12425e+06
2.11876e+06
2.135e+06
2.11141e+06
2.06486e+06
2.13477e+06
2.023e+06
2.11633e+06
2.1244e+06
2.14875e+06
2.13758e+06
2.01242e+06
1.93655e+06
2.01266e+06
2.07081e+06
2.11699e+06
2.08152e+06
2.11689e+06
2.2152e+06
2.12379e+06
2.14724e+06
2.09588e+06
2.04802e+06
2.1225e+06
2.13854e+06
2.05443e+06
2.04009e+06
2.27449e+06
2.69239e+06
2.26573e+06
2.18438e+06
2.22611e+06
2.27668e+06
2.21618e+06
2.14789e+06
2.24065e+06
2.06925e+06
2.24922e+06
2.26357e+06
2.16585e+06
2.11439e+06
2.10079e+06
2.07323e+06
2.08223e+06
2.2137e+06
2.12057e+06
2.10725e+06
2.21061e+06
2.19235e+06
2.10375e+06
2.22506e+06
2.15502e+06
2.13612e+06
2.19545e+06
2.08223e+06
2.04925e+06
2.23885e+06
2.20264e+06
2.04303e+06
2.15268e+06
2.16961e+06
2.05886e+06
2.20735e+06
2.07533e+06
2.2498e+06
2.09871e+06
2.30533e+06
2.09404e+06
2.08853e+06
2.10378e+06
2.21575e+06
2.12266e+06
2.13824e+06
2.20957e+06
2.10655e+06
2.20407e+06
2.12303e+06
2.11618e+06
2.12273e+06
2.20633e+06
2.26378e+06
2.18083e+06
2.20933e+06
2.23635e+06
2.21977e+06
2.18114e+06
2.17629e+06
2.12251e+06
2.17034e+06
2.07382e+06
2.19574e+06
2.11736e+06
2.2789e+06
2.24146e+06
2.08422e+06
2.10816e+06
2.13151e+06
2.17601e+06
2.18792e+06
2.17282e+06
2.14688e+06
2.11016e+06
2.16774e+06
2.233e+06
2.12562e+06
2.17423e+06
2.32218e+06
2.2129e+06
2.23021e+06
2.03777e+06
2.19521e+06
2.23123e+06
2.19369e+06
2.04088e+06
2.15942e+06
2.15912e+06
2.15607e+06
2.15659e+06
2.19852e+06
2.22625e+06
2.20454e+06
2.15595e+06
2.24619e+06
2.11047e+06
2.18845e+06
2.14061e+06
2.22699e+06
2.19694e+06
2.39965e+06
2.16235e+06
2.21724e+06
2.14583e+06
2.25013e+06
2.20413e+06
2.17311e+06
2.13311e+06
2.19253e+06
2.04038e+06
2.03706e+06
2.11091e+06
2.20616e+06
2.21111e+06
2.10017e+06
2.06669e+06
2.12859e+06
2.16983e+06
2.14202e+06
2.12373e+06
2.17191e+06
2.31806e+06
2.16845e+06
2.12589e+06
2.22855e+06
2.17721e+06
2.1556e+06
2.09231e+06
2.12162e+06
2.28199e+06
2.25295e+06
2.13786e+06
2.14076e+06
2.11602e+06
2.12027e+06
2.18777e+06
2.29616e+06
2.27983e+06
2.05106e+06
2.09296e+06
2.1753e+06
2.17324e+06
2.20294e+06
2.17362e+06
2.18825e+06
2.22465e+06
2.06023e+06
2.1923e+06
2.13063e+06
2.10358e+06
2.1617e+06
2.13541e+06
2.1992e+06
2.19529e+06
2.25771e+06
2.20101e+06
2.12791e+06
2.19873e+06
2.23029e+06
2.11954e+06
2.14017e+06
2.10413e+06
2.17933e+06
2.01856e+06
2.14079e+06
2.16714e+06
2.11039e+06
2.16551e+06
2.18614e+06
2.17763e+06
2.25451e+06
2.2424e+06
2.31937e+06
2.14299e+06
2.22096e+06
2.17547e+06
2.09121e+06
2.43497e+06
2.28755e+06
2.36548e+06
2.14741e+06
2.21616e+06
2.15327e+06
2.25302e+06
2.26706e+06
2.15886e+06
2.17618e+06
2.25551e+06
2.08957e+06
2.21089e+06
2.07832e+06
2.25453e+06
2.24356e+06
2.21625e+06
2.14487e+06
2.14455e+06
2.23058e+06
2.28764e+06
2.15772e+06
2.21807e+06
2.37398e+06
2.19875e+06
2.15993e+06
2.25104e+06
2.28399e+06
2.22169e+06
2.24713e+06
2.2369e+06
2.309e+06
2.28927e+06
2.42632e+06
2.31035e+06
2.11873e+06
2.22146e+06
2.21368e+06
2.13108e+06
2.35784e+06
2.14535e+06
2.21366e+06
2.27311e+06
2.16228e+06
2.27436e+06
2.22974e+06
2.18565e+06
2.03064e+06
2.24255e+06
2.21724e+06
2.26144e+06
2.3074e+06
2.10873e+06
2.11571e+06
2.20761e+06
2.13785e+06
2.16839e+06
2.05221e+06
2.28713e+06
2.25868e+06
2.27622e+06
2.31325e+06
2.08572e+06
2.2317e+06
2.19829e+06
2.30763e+06
2.1716e+06
2.15414e+06
2.08895e+06
2.22624e+06
2.20738e+06
2.25686e+06
2.29577e+06
2.21235e+06
2.23097e+06
2.20248e+06
2.25903e+06
2.12484e+06
2.26529e+06
2.1483e+06
2.33256e+06
2.14338e+06
2.25911e+06
2.26413e+06
2.21245e+06
2.22382e+06
2.35764e+06
2.32525e+06
2.08648e+06
2.22573e+06
2.31124e+06
2.27746e+06
2.2575e+06
2.14467e+06
2.37332e+06
2.20488e+06
2.15043e+06
2.25024e+06
2.23038e+06
2.28206e+06
2.23724e+06
2.37028e+06
2.44088e+06
2.33702e+06
2.24814e+06
2.09066e+06
2.22328e+06
2.14196e+06
2.18034e+06
2.05683e+06
2.28115e+06
2.2116e+06
2.33358e+06
2.12811e+06
2.24738e+06
2.12797e+06
2.20683e+06
2.25075e+06
2.15254e+06
2.10659e+06
2.25789e+06
2.15282e+06
2.14179e+06
2.1903e+06
2.26242e+06
2.15477e+06
2.11146e+06
2.19848e+06
2.1505e+06
2.29072e+06
2.1518e+06
2.21851e+06
2.13334e+06
2.2804e+06
2.18295e+06
2.16534e+06
2.20357e+06
2.09481e+06
2.17982e+06
2.25209e+06
2.10151e+06
2.19898e+06
2.34185e+06
2.3142e+06
2.11516e+06
2.30203e+06
2.18811e+06
2.24937e+06
2.13939e+06
2.21351e+06
2.13707e+06
2.30787e+06
2.26169e+06
2.26748e+06
2.17504e+06
2.16502e+06
2.16334e+06
2.28741e+06
2.15799e+06
2.14937e+06
2.34572e+06
2.05897e+06
2.20943e+06
2.20939e+06
2.23427e+06
2.2576e+06
2.26393e+06
2.23332e+06
2.31182e+06
2.63544e+06
2.59749e+06
2.64713e+06
2.69992e+06
2.66202e+06
2.41327e+06
2.2881e+06
2.1955e+06
2.25548e+06
2.28021e+06
2.23948e+06
2.24129e+06
2.13788e+06
2.27497e+06
2.01505e+06
2.19486e+06
2.29633e+06
2.39407e+06
2.21688e+06
2.28766e+06
2.27249e+06
2.143e+06
2.23687e+06
2.35792e+06
2.1418e+06
2.25919e+06
2.19582e+06
2.23955e+06
2.22412e+06
2.18825e+06
2.31339e+06
2.13413e+06
2.30557e+06
2.19544e+06
2.11894e+06
2.23698e+06
2.25778e+06
2.21375e+06
2.28786e+06
2.19219e+06
2.25935e+06
2.35904e+06
2.12749e+06
2.20059e+06
2.11553e+06
2.18675e+06
2.19463e+06
2.18221e+06
2.11656e+06
2.27742e+06
2.24251e+06
2.25203e+06
2.16384e+06
2.34109e+06
2.14302e+06
2.29498e+06
2.31391e+06
2.41514e+06
2.24376e+06
2.21912e+06
2.18648e+06
2.28152e+06
2.2497e+06
2.21154e+06
2.24481e+06
2.24436e+06
2.27532e+06
2.18713e+06
2.12369e+06
2.09565e+06
2.19434e+06
2.15292e+06
2.29665e+06
2.21503e+06
2.23551e+06
2.14087e+06
2.24237e+06
2.34469e+06
2.20103e+06
2.2272e+06
2.33954e+06
2.28974e+06
2.42477e+06
2.15787e+06
2.32145e+06
2.33749e+06
2.28296e+06
2.27833e+06
2.21271e+06
2.26626e+06
2.34808e+06
2.25724e+06
2.30429e+06
2.32205e+06
2.26674e+06
2.22171e+06
2.28064e+06
2.31e+06
2.41627e+06
2.29599e+06
2.30158e+06
2.12127e+06
2.30124e+06
2.30562e+06
2.20358e+06
2.27039e+06
2.28231e+06
2.29146e+06
2.36312e+06
2.30292e+06
2.19021e+06
2.20164e+06
2.23627e+06
2.26321e+06
2.28178e+06
2.33147e+06
2.20095e+06
2.35013e+06
2.34058e+06
2.2508e+06
2.17018e+06
2.23033e+06
2.28955e+06
2.3986e+06
2.18802e+06
2.20276e+06
2.26091e+06
2.16779e+06
2.24144e+06
2.24891e+06
2.24985e+06
2.26488e+06
2.69933e+06
2.76553e+06
2.71894e+06
2.75683e+06
2.71063e+06
2.73375e+06
2.40518e+06
2.36304e+06
2.34532e+06
2.37729e+06
2.30907e+06
2.27318e+06
2.39943e+06
2.33807e+06
2.31716e+06
2.19497e+06
2.30116e+06
2.19335e+06
2.28742e+06
2.27534e+06
2.43084e+06
2.42287e+06
2.39476e+06
2.25358e+06
2.40333e+06
2.27674e+06
2.21654e+06
2.35992e+06
2.31704e+06
2.31766e+06
2.20372e+06
2.29717e+06
2.46106e+06
2.37342e+06
2.28495e+06
2.36763e+06
2.35988e+06
2.42823e+06
2.33558e+06
2.31098e+06
2.33428e+06
2.25195e+06
2.26556e+06
2.21825e+06
2.36481e+06
2.28504e+06
2.23625e+06
2.26502e+06
2.30253e+06
2.36729e+06
2.38008e+06
2.33938e+06
2.28131e+06
2.2962e+06
2.15654e+06
2.32289e+06
2.22173e+06
2.37862e+06
2.33266e+06
2.2922e+06
2.3016e+06
2.32716e+06
2.26775e+06
2.23608e+06
2.33934e+06
2.3991e+06
2.31522e+06
2.35012e+06
2.24907e+06
2.20315e+06
2.23558e+06
2.47358e+06
2.25669e+06
2.14468e+06
2.17127e+06
2.32353e+06
2.16975e+06
2.40066e+06
2.32286e+06
2.4378e+06
2.21348e+06
2.35112e+06
2.3258e+06
2.24665e+06
2.24718e+06
2.25099e+06
2.32775e+06
2.17776e+06
2.26616e+06
2.19427e+06
2.28029e+06
2.31247e+06
2.32467e+06
2.28079e+06
2.33706e+06
2.28963e+06
2.39081e+06
2.39261e+06
2.22171e+06
2.2217e+06
2.33647e+06
2.34026e+06
2.31716e+06
2.33173e+06
2.30064e+06
2.26243e+06
2.33988e+06
2.17092e+06
2.40614e+06
2.38123e+06
2.24794e+06
2.40226e+06
2.36559e+06
2.23729e+06
2.26159e+06
2.32305e+06
2.30438e+06
2.34487e+06
2.18226e+06
2.50965e+06
2.29778e+06
2.26439e+06
2.3242e+06
2.27583e+06
2.12959e+06
2.24802e+06
2.31627e+06
2.30809e+06
2.22542e+06
2.58705e+06
2.81739e+06
2.79119e+06
2.67612e+06
2.85211e+06
2.72758e+06
2.39033e+06
2.36635e+06
2.34038e+06
2.25936e+06
2.38548e+06
2.37487e+06
2.25237e+06
2.23703e+06
2.2174e+06
2.40221e+06
2.28923e+06
2.33811e+06
2.2271e+06
2.34065e+06
2.2131e+06
2.2659e+06
2.28687e+06
2.21042e+06
2.29964e+06
2.33849e+06
2.42426e+06
2.36594e+06
2.34723e+06
2.29351e+06
2.42156e+06
2.43897e+06
2.23115e+06
2.27948e+06
2.44976e+06
2.3503e+06
2.40928e+06
2.36886e+06
2.42059e+06
2.27543e+06
2.30252e+06
2.23626e+06
2.25796e+06
2.28094e+06
2.26453e+06
2.35051e+06
2.26796e+06
2.22722e+06
2.35969e+06
2.30828e+06
2.3483e+06
2.33633e+06
2.31558e+06
2.2354e+06
2.28557e+06
2.47637e+06
2.24603e+06
2.26359e+06
2.49135e+06
2.27586e+06
2.2645e+06
2.22346e+06
2.28775e+06
2.32002e+06
2.23801e+06
2.3675e+06
2.32881e+06
2.39743e+06
2.30332e+06
2.23932e+06
2.32633e+06
2.28863e+06
2.3683e+06
2.35074e+06
2.27175e+06
2.32122e+06
2.27691e+06
2.27163e+06
2.32337e+06
2.23104e+06
2.32271e+06
2.33108e+06
2.26541e+06
2.44437e+06
2.10395e+06
2.25171e+06
2.31673e+06
2.39251e+06
2.29178e+06
2.30181e+06
2.26054e+06
2.32987e+06
2.21887e+06
2.26346e+06
2.31367e+06
2.39329e+06
2.35924e+06
2.24641e+06
2.32168e+06
2.29323e+06
2.32553e+06
2.38158e+06
2.37218e+06
2.50593e+06
2.31484e+06
2.24055e+06
2.20969e+06
2.41449e+06
2.41464e+06
2.34696e+06
2.30082e+06
2.31705e+06
2.33306e+06
2.36014e+06
2.32697e+06
2.33375e+06
2.24813e+06
2.28359e+06
2.42677e+06
2.25159e+06
2.16766e+06
2.38501e+06
2.23985e+06
2.1857e+06
2.35083e+06
2.27206e+06
2.38939e+06
2.26015e+06
2.28787e+06
2.96204e+06
2.77364e+06
2.72707e+06
2.77561e+06
2.88308e+06
2.90933e+06
2.64758e+06
2.43925e+06
2.26468e+06
2.36678e+06
2.29085e+06
2.35407e+06
2.44415e+06
2.44372e+06
2.39675e+06
2.18158e+06
2.29408e+06
2.32309e+06
2.38515e+06
2.37116e+06
2.44656e+06
2.26054e+06
2.38236e+06
2.48896e+06
2.27494e+06
2.43684e+06
2.40578e+06
2.39389e+06
2.42311e+06
2.38138e+06
2.39521e+06
2.25429e+06
2.29641e+06
2.43427e+06
2.26665e+06
2.3745e+06
2.25099e+06
2.36743e+06
2.2859e+06
2.24204e+06
2.28091e+06
2.33744e+06
2.35309e+06
2.37168e+06
2.4e+06
2.43427e+06
2.2861e+06
2.28506e+06
2.34951e+06
2.27797e+06
2.45433e+06
2.46211e+06
2.27523e+06
2.36553e+06
2.37178e+06
2.32498e+06
2.35005e+06
2.49827e+06
2.33905e+06
2.48821e+06
2.33073e+06
2.2757e+06
2.35176e+06
2.14578e+06
2.3666e+06
2.36291e+06
2.30407e+06
2.32585e+06
2.26867e+06
2.29032e+06
2.35538e+06
2.34259e+06
2.30445e+06
2.3658e+06
2.21199e+06
2.34155e+06
2.42514e+06
2.35296e+06
2.32252e+06
2.28041e+06
2.15863e+06
2.4147e+06
2.37766e+06
2.3331e+06
2.32761e+06
2.32548e+06
2.23235e+06
2.38019e+06
2.40117e+06
2.23289e+06
2.25823e+06
2.3727e+06
2.5061e+06
2.4159e+06
2.38137e+06
2.3601e+06
2.34024e+06
2.18621e+06
2.26878e+06
2.38094e+06
2.37334e+06
2.33029e+06
2.32612e+06
2.40369e+06
2.43505e+06
2.41058e+06
2.34053e+06
2.2874e+06
2.41018e+06
2.33914e+06
2.30154e+06
2.37724e+06
2.38086e+06
2.3272e+06
2.21638e+06
2.30551e+06
2.37845e+06
2.31302e+06
2.41492e+06
2.41481e+06
2.35277e+06
2.47678e+06
2.63208e+06
2.30743e+06
2.44439e+06
2.52615e+06
2.92678e+06
2.83083e+06
2.85516e+06
2.82625e+06
2.76111e+06
2.64174e+06
2.36479e+06
2.37934e+06
2.40687e+06
2.38946e+06
2.36672e+06
2.26834e+06
2.39669e+06
2.36457e+06
2.29556e+06
2.33726e+06
2.42823e+06
2.32748e+06
2.31769e+06
2.2935e+06
2.40828e+06
2.27466e+06
2.36277e+06
2.47361e+06
2.21219e+06
2.39856e+06
2.36708e+06
2.66499e+06
2.57475e+06
2.49585e+06
2.37752e+06
2.2364e+06
2.34666e+06
2.40851e+06
2.42965e+06
2.45198e+06
2.34431e+06
2.33966e+06
2.39853e+06
2.39965e+06
2.51577e+06
2.31548e+06
2.40565e+06
2.44271e+06
2.48253e+06
2.50698e+06
2.31967e+06
2.38396e+06
2.40301e+06
2.32569e+06
2.42889e+06
2.36206e+06
2.38864e+06
2.45961e+06
2.40545e+06
2.3444e+06
2.25615e+06
2.38335e+06
2.43487e+06
2.41174e+06
2.40838e+06
2.46474e+06
2.23562e+06
2.43549e+06
2.45509e+06
2.42461e+06
2.36949e+06
2.38135e+06
2.37839e+06
2.43805e+06
2.3891e+06
2.43561e+06
2.48691e+06
2.44975e+06
2.37486e+06
2.33924e+06
2.37969e+06
2.33662e+06
2.43706e+06
2.38857e+06
2.4151e+06
2.33383e+06
2.34291e+06
2.3306e+06
2.38781e+06
2.28953e+06
2.40369e+06
2.44149e+06
2.55062e+06
2.44313e+06
2.52146e+06
2.44737e+06
2.31376e+06
2.43403e+06
2.44802e+06
2.3286e+06
2.48133e+06
2.64757e+06
2.39761e+06
2.45638e+06
2.42044e+06
2.52397e+06
2.50569e+06
2.45562e+06
2.40475e+06
2.44466e+06
2.51617e+06
2.37082e+06
2.44669e+06
2.30667e+06
2.55064e+06
2.4096e+06
2.51763e+06
2.53683e+06
2.45557e+06
2.34934e+06
2.51738e+06
2.48194e+06
2.52929e+06
2.42647e+06
2.53131e+06
2.43831e+06
2.48284e+06
2.47388e+06
2.94118e+06
3.01949e+06
2.95897e+06
2.83493e+06
2.9469e+06
2.73621e+06
2.42111e+06
2.51761e+06
2.51164e+06
2.62529e+06
2.38809e+06
2.52227e+06
2.42668e+06
2.43521e+06
2.39217e+06
2.42705e+06
2.41233e+06
2.46062e+06
2.38894e+06
2.36329e+06
2.49896e+06
2.44011e+06
2.58144e+06
2.39165e+06
2.51305e+06
2.43493e+06
2.45294e+06
2.45481e+06
2.35616e+06
2.29361e+06
2.52767e+06
2.54016e+06
2.37719e+06
2.32151e+06
2.33075e+06
2.53243e+06
2.50174e+06
2.49506e+06
2.37982e+06
2.32736e+06
2.39653e+06
2.37153e+06
2.45325e+06
2.49054e+06
2.45555e+06
2.42251e+06
2.49559e+06
2.45606e+06
2.43645e+06
2.58731e+06
2.57678e+06
2.43994e+06
2.59801e+06
2.51514e+06
2.38193e+06
2.6714e+06
2.40749e+06
2.35142e+06
2.41144e+06
2.43814e+06
2.46307e+06
2.47168e+06
2.50006e+06
2.50806e+06
2.40751e+06
2.39712e+06
2.50498e+06
2.48783e+06
2.51797e+06
2.52495e+06
2.40721e+06
