121.009
231.665
284.607
344.708
386.502
394.937
628.935
627.162
651.489
699.12
765.511
808.83
965.142
997.601
1103.09
1135.12
1180.13
1301.81
1357.9
1252.4
1131.58
1183.88
1250.02
1431.49
1401.88
1367.88
1397.18
1471.65
1509.71
1659.3
1630.42
1437.26
1476.34
1639.29
1888.85
1902.53
1914.16
1888.31
2050.21
2145.51
2226.06
2023.91
2220.18
2249.33
2368.8
2111.24
2280.46
1965.86
2223.23
2009.27
2372.38
2586.74
2427.93
2665.72
2780.65
2774.31
2675.75
3170.48
3838.3
2632.07
2511.64
2629.62
2982.7
3000.27
2737.98
2906.82
2966.8
2914.39
2873.77
3153.57
2797.22
2840.56
2686.29
2899.94
2968.61
2899.44
2806.6
3027.2
2896.72
3250.54
3269.12
3755.02
3295.76
3472.59
3460.57
3300.46
3279.23
3026.65
2876.89
3311.41
3456.84
3369.97
3381.91
3258.96
3714.4
3464.52
3737.75
3511.81
3384.13
3597.65
3831.99
3550.41
3362.39
3630.57
3918.74
3907.23
4207.7
4255.76
4344.3
3854.18
4025.16
3626.47
4141.19
4232.76
4348.49
4901.63
4219.35
4212.54
3805.13
3808.13
4261.4
4308.71
4574.22
5658.5
5588.58
4430.06
4840.92
5091.64
5122.76
4057.6
4785.37
4741.59
4573.35
4674.65
4784.94
4443.79
4347.41
4538.27
4471.82
4392.45
5235.12
4976.46
4502.73
4429.66
4230.61
4910.59
4632.28
4266.78
5262.55
5600.39
5743.78
5709.94
5325.34
4325.83
4588.59
5352.09
5315.06
5445.87
5722.12
4539.33
4607.4
5002.81
5249.95
5040.32
4778.86
5663.19
5517
5603.28
5478.27
5135.22
4861.44
5988.93
6427.22
6053.4
5086.79
5514.67
5956.76
6689.14
5912.47
6002.66
6827.77
5902.03
5901.62
5429.76
5294.76
6389.66
6668.49
6042.43
6023.19
5766.64
6231.98
6909.35
6339.5
6138.87
5288.31
5845.35
5647.66
5860.98
6148.64
6515.05
7047.45
6129.19
5477.92
5977.19
7106.69
7152.11
6862.64
5668.84
5993.35
6314.62
5610.57
5713.69
7268.66
6661.23
6898.25
6082.34
5495.21
7893.57
6335.52
6526.83
6428.4
5842.5
7698.91
7695.5
7168.83
6265.27
5987.1
7119.79
6322.21
6901.43
7327.85
7560.3
6805.3
6272.19
7701.22
7471.03
7562.94
7180.55
6727.57
6436.17
6284.74
7585.96
7750.7
6995.34
6907.78
7377.09
8148.5
8259.92
7496.89
6989.62
7680.98
8016.1
8358.77
8242.97
7605.48
7035.09
7610.43
7367.19
8170.84
7434.94
6730.51
7974.12
7773.39
8044.59
6977.07
7394.52
6802.98
7946.22
8492.55
7744.38
7608.49
7293.93
8429.71
8214.34
7953.78
7713.84
8865
8331.71
8156.46
7529.2
7830.76
7350.53
8703.23
8600.7
8768.77
8621.15
9671.85
8102.97
8231.18
8244.07
7998.67
7683.05
7959.14
7638.67
8363.58
7638.8
8817.74
9194.59
8008.06
8667.43
9078.56
8266.95
7963.34
8038.65
7718.43
8127.56
9495.53
9020.22
9304.34
9350.23
10267.9
9048.03
8273.01
9626.19
9675.46
9308.94
7913.91
8844.19
7875.01
10135.7
10588.4
8857.56
8689.23
8699.12
8540.52
8787.57
8850.82
8493.19
9047.4
8772.31
8641.88
8760.02
9766.85
8874.8
8620.79
8797.71
8496.37
9414.84
8708.35
8688.2
8873.02
9748.45
9891.4
9414.67
8705.88
10476.4
9868.41
8614.34
8658.24
9375.45
9334.87
10198
9398.87
8473.7
10574.3
10504.5
8554.2
9459.72
9391.78
9859.01
9381.3
8802.94
10269.7
10622.4
9953.28
8385.15
11094.3
10252.6
9443.05
9737.98
9541.92
10933.3
10658.9
9587.61
10590.5
10851.5
9014.74
9577.6
8545.16
10445
10612.9
9149.2
10267.8
10334
10152.3
9068.49
10149.9
10053.1
8953.8
10806.9
8784.88
10928.1
12124
10977.9
11905
10631.6
9189.01
10083.7
9118.77
11278.1
10485.1
9347.35
11129.7
10882.6
10647.5
10703.1
11332.1
9175.43
9764.18
9496.32
11438.1
10833.1
11121.6
12191.2
10331
12546
12606.3
12473.2
12578.8
11642.5
13279.6
13231.7
11540
13266.1
11758.2
10222.1
10222.2
11860.7
12938.3
11248.7
13982.2
11370.5
11834.8
13228.5
11110.2
11992.4
11935.6
13636.1
11834.8
12326.2
14173.8
10584.9
10933.8
11701.6
10856
11563.9
12295.7
11912.7
11406.2
12386.5
12029.3
11006
10930.1
12630.9
12000.9
11525
12551.7
13302.9
13315.4
10914.4
12326
11210.2
12820.5
14491.1
10778
12006.8
12428.9
13883.3
11862.1
12760.8
13674.9
12138.4
12480.4
12501.1
11600.9
12425.6
13038
15188.1
14608.2
15042.8
11978.3
11416
14501.9
13969.3
13768.3
14956.5
12090.2
15296.8
11965.9
14080.3
12418.3
14249.8
13902.3
12956.1
15094.3
14099.8
13067.2
13592.7
14572.7
13199.4
12448.2
11962.2
14206.6
12055.9
12623.3
12007.7
13765.2
13557.2
14081.3
12985.4
13020.3
14328.4
14722.5
13055.5
13897.2
14011.7
13013.2
15126.1
14691.7
12630.4
16400.7
15417.6
13757.8
15898.5
12251
15750.7
15773.9
15526.6
17792.4
14952.7
14163.9
15562
14993.4
13310.9
16203.2
13486.8
14260.3
13272.3
12614.8
15260.2
13844.4
11943.1
12771.4
12574
12506.8
14649.5
12406.6
12853.5
12558.4
14375.6
12724.3
12842.2
13453
12522.7
13062.6
16685.7
12769.4
14091.3
14249.9
12986.4
13681.3
12418.7
13192.4
13038
13622.2
12959.2
14297.1
13232.2
14680.3
14387.3
13006.6
12968.9
14288.5
13366.4
13553.6
13102.4
13493
12856.7
14594.8
13000.2
13684.5
13964.7
13060.1
13275.9
14580.7
13654.1
14587
16415.7
12790.2
12694.1
13341
13483.8
14296
15616.4
12760.7
14912.9
14018.6
13215.6
14138.9
13437.4
12821.4
14498
14309
14648
14992.1
14467.6
13496.2
14542.7
13132.6
13936.9
14380.2
12706.9
13688.1
16899.6
13714.8
15696.9
14035.1
14986.3
14166.6
13016.8
13816
14683.2
16776.8
15862.3
13967
13666.5
14072.5
14016.6
13515.2
14813.4
13887.9
14462.4
14362.9
14182.3
13932.4
15251.9
14083.4
16207.6
14952.3
15270.7
15287.5
14445.8
14924.3
14387.4
14899.2
15309.3
13895.1
14269.3
15925.6
13957.8
16017.5
15235
13328.2
13871.5
14713.1
14567.4
16689
15148.7
15121.4
14545.6
14487.7
15724.7
14220.4
14062.9
15716.4
14492.1
13833.7
15499.8
15520
15341.1
15185.4
13726
14668.2
15672.9
15575.4
15489.9
14579.5
16011.5
14929.7
14900.1
15205
14929.9
15414.4
14972.4
13620.6
16112.4
15334.7
14960.1
16413.8
16983.9
18097.3
15388.9
14284.8
15817.9
15756.6
16611.3
15671.3
15897.6
17114.9
15219.5
15022.5
17330.8
15863.7
17936.6
16406.2
16030.6
16788.9
16145.1
17629.3
16088.9
17199.9
15130.7
14748.7
17454
15814.1
15160.1
15120.1
14915.8
17490.9
16436.6
16629.9
15778.9
16665.3
15597.7
15802.4
17362.1
15318
15566.8
16507.8
15955.5
16320
17177.3
16709.8
17225.9
16973.1
17895.9
16097.6
16546.7
16275.6
15308
17665
16898.9
17390.8
16921
15957.4
17212.8
15858.2
16403.3
15047
18269.3
16842.4
19747.5
15590.2
15435.7
17142.7
17584.9
18110.6
18107.5
19171.9
15876.8
15271.3
18012.5
16844.1
17284.1
17542.6
17760.5
18714.1
16187.1
19094.5
17299.3
16410.8
16232.6
17417.2
16931.1
17679.3
17875.9
16312.8
16039.8
16730.2
19308.8
17405.2
17748.3
16599.4
16921.3
19195.4
17587.1
18205.2
16366.9
16362.9
18505.8
15794
18371.2
17028.2
16744.7
17713.8
18190.1
17264
17033.1
17630.7
16816.4
17461.8
18847.1
17945.6
16701.9
18938.1
18006.5
17639.5
16881.4
20063.8
21158.9
16630.8
17700.5
17756.3
19754.1
17230.3
18485.3
19471.1
16585.6
17449.2
19243.4
19448.3
18196.7
18717.8
17328.5
17946.8
16618.6
20977.6
17201.9
17321
18175.8
17556
16699
17505.1
17889.2
17416.4
17814.8
18629.7
21360.5
18647.2
17847.8
19808.8
19783
19481.2
17774.9
17784.6
18906
20136.2
18036.1
19626.8
18509.9
18550.8
17223.6
18614
18681.9
17125.5
17448.3
17013.8
19830
17581
18881.9
18839.6
18572.4
19722.3
17905.3
16681.1
17691.2
19245.4
18151.1
19713.3
18390.4
18709.9
19109.2
18319
19564.4
21057
20055.6
22035.6
18273.2
20869.2
20031.6
19963.5
17077.8
19259.4
18627.9
19789.5
18533.4
18251.7
19921.3
20571.4
19255.2
19117
18273.2
19777.7
20382.4
19880.8
18146.2
17612.5
19297.8
19583
21310.8
19596.4
20041.4
19078.5
20967.7
18031.5
19934.2
18117.1
19831.8
19069.9
19420.6
19958.1
18519.3
19004.8
18096.1
18965.5
21332.7
18948
18365.8
17541.2
22194.3
18483
22319.4
18058.1
19458.4
20350.5
20594.3
20347.9
20272.3
20778.9
19039.1
20707.4
21689.2
19481.8
20965.6
18822.8
20604.5
19673.5
19877.1
18771.7
20082.2
19463.6
19263
18776.7
18742.7
18801
22316.1
21257.3
19828.6
20671.4
20803.2
20700.5
21667.8
21543.9
20653.7
19035.5
22174.5
19806.5
20402.1
20611.6
20991.6
25354.9
20222.5
18811.5
19546
22016.1
20768.8
18963
21980.3
19461
21698.9
22274.2
20483.4
19409.4
21958.9
22451.5
22540.7
22717.3
22684.1
22442.7
21495.8
23802
23707.3
22181.2
23468.3
19885.4
21559.2
18396.7
22311
20320.5
20498.1
20184.3
20627.1
20829
20108.4
20091.1
21372.4
21036.6
21599.4
22876.2
22525.1
21413.5
21083.7
23344.8
20228.2
22697.9
20176.9
21639.5
21837.7
20760.8
20520.7
23546.4
22954.8
20672.9
19001.6
20480.9
21029.1
20090
23504.8
19230.6
21387.4
22399.3
21766.6
24056.2
26839.9
24978.1
23471.6
24358.1
23251.2
23235
23354.9
21140
20579.2
20629.3
25861
24095.2
21330.8
23399.4
22216.3
20968.5
20607.3
21973.3
21119.5
22835.7
21232
23638.1
19629.7
20766.3
22672.7
19314.7
25280.7
22446.9
21360.6
22712.4
24707
23864
24002.3
26302.1
22386.8
24531
22784.3
23395.2
23987.4
21364.4
22954.9
23553
20686
25519.1
25454.7
23195.3
25317.7
24946.3
27424.3
26388
22245.9
22669.6
22865.6
24659
23063.4
23700.7
20068.5
23157.6
24593.8
21624
22870.3
22175.6
24390.1
23759.9
22116.8
21689.8
22639.1
25095.4
21547.4
23839.9
24287.8
22708.4
23404.6
21766.7
23334.9
23586.7
24421.6
22376.6
24268.2
24434.1
25995
24441.5
26867.2
24606.2
24877.9
25451.9
25087.2
25789.7
24994.6
23331.1
22919.9
22392.5
25104.8
23578.3
23810
26844.5
24727.5
23347.7
25372.8
25905.7
25499.5
25479.2
22958.1
23272.3
22614.6
26920.2
23131.6
24800
23966.4
23376.3
23339.4
24823.4
24595.6
24730.6
24506.3
24331.8
25635
23727.2
24966.4
24539.8
24396.1
23123.4
22821.2
23772.3
25462
24716.4
28118.5
24143.2
26435.8
25799.9
21891.6
24106.5
22104.1
24943.9
24097.7
24055.1
23672.5
23134.2
23544
22008.8
24390
26958.1
23173.9
24324.8
24617.7
23346.9
24207.8
23808
22951.6
21336.2
24902.3
24763.2
26685.8
25247.7
26133.3
24950
24518.6
27397.3
23513.4
25346.1
25532.7
25528.8
24405.1
24794.7
25554.9
25428.3
24031
26557.1
23748.4
24920.4
25300.9
24095.4
24566.6
24581.7
23686.7
23916.3
25213.1
26813.9
25234.2
24551.8
25447.9
26699.6
25136.4
24008.6
23653.3
25489.7
24208.3
26747
25311.5
25197.8
23701.3
26122.8
25437.2
29116.5
25247.7
22365.9
24048
24827.3
24933.6
23493.3
24199
25658
25737.3
25491.2
22361.3
24951.7
26631
23917.6
24045.9
26298.9
26224.4
26233.2
27500.4
25115.9
24745.2
25749.9
25956.2
26145.3
27457.2
24938.9
26787.4
24904.3
22733.9
26086.4
23928.9
26587.2
26372.2
26941.9
26126.3
27504.7
25162.3
27943.8
25892.7
25628.4
25024.9
26473
29040
26713.2
25850.8
26160.7
26310.1
26360
24409.4
26435.9
25720.6
26437.3
26646.2
25942.4
25637.8
25468.9
27485
27253.4
24789.4
25143.2
26983.7
28441
26859.1
27435.6
26113.4
27110.7
26689.3
27995.8
27283.3
25280
27388.1
26307
27793
26344.7
28452.4
26639.3
25530.5
27002.9
26142.7
26317.9
25550.8
25624.2
25888.9
27167.4
27846.3
26564.7
27085.4
28643.9
27382.7
30313.2
27370.7
27685.3
27333.1
26966.9
28544.7
26222
26813.4
26921.4
28985.4
26446.8
26341.1
28034.7
28199.5
25947.4
27014.9
24479.2
26270.1
26910.4
24582.6
27869.5
26493.2
28908.2
29029.9
26624
27286.5
24578.4
26842.5
25999.5
25646.7
25504.8
26004.1
26589.5
25583.4
25743.9
28582.6
27129.4
27534.4
26094.3
27756.9
26641.7
25339.2
26750.1
29158.6
25913.3
27062.8
30639.2
29029.6
26773.9
27159.9
25177.8
25913.1
26192.5
28486.8
27307.4
27380.9
28824.3
28744.9
29496
30174.4
29500.9
29864.4
27972.9
26202
30341.5
27750.8
27573.2
26533.2
27165.3
27963.9
25439.5
28972.4
31161.8
27486.2
27663.4
29577.5
28563.1
27973.6
26705.4
29404
25013.1
27545
30726.7
28932.1
27745
29509.8
29671.8
27744.5
28900.7
28525.9
28201.7
30289.5
27866.2
31283.4
27583.6
28275.3
25892.7
30428.6
26854.9
27564.4
28861.3
26924.7
28257.5
29699.8
27884.4
27186.8
28000.1
30285.2
25214.7
30829.8
28966.5
30788.1
26050.9
29903.8
25993.3
29046.6
28715.3
29372.2
29481.9
28755.1
28620.9
28325.1
25518.8
27362.8
29850.3
28148.8
27628.9
28857.9
26556.3
27281.7
28375.6
29635.4
27896.8
28518
28183.1
30112.9
26787.2
29464.7
29010.6
27703.3
30672.5
29559
31501.3
31207
28903.4
30232.1
29358.3
28115.2
28268.2
30680.7
27434.1
31343.5
27750.6
29724.3
28560.5
29399.7
28987.2
27611.5
29269.6
27143
29787.5
30908.8
28638.1
29836.2
27678
31414.7
25945.7
28344
28986.1
33577.5
28604.6
28345.5
28904.8
27457.7
29304.9
29003.2
29194.3
30248.3
30914.3
27290.6
27101.8
27005.5
27781.7
29664.3
28465.2
28832
27356.5
29667
28927.9
31390.1
28719.3
26945.6
29477.2
28307.4
30571.2
31059.5
28849.2
27444.4
27351.8
28933.1
26796.9
28707
28467.5
29068.3
29885
27994.8
29826.3
30322.6
28475.5
27906.5
31464.8
30519.7
29484.3
29141.2
30306.2
30670.3
29600.9
28004.4
27435.4
30267.7
32214
32395.2
31160.7
30743.2
28621.4
28847.8
30783.3
30710.5
31521.2
30489.9
29233.6
27447.8
28105.4
31557.1
31081.1
32428.9
30018.6
32387.6
27516.7
28108.3
30026.1
29957.6
28751.4
30561.2
30511.5
30620
29159.4
31536.2
29921.2
30786.6
31565.9
32303.3
32349.7
31312.2
31994.9
31177.2
30947.6
33039.1
28794.8
29268.5
29638.1
30393.6
31843.3
29045.7
32146.8
28718
31002
34096.4
30074.8
31528.5
32759.8
30321.3
32440.7
31937.6
31999.7
28722.7
32896.7
32127.8
34190.3
30236.6
32163.2
31220.1
30265.7
31750.4
32197.3
32825
34218.7
30390.5
30425.8
33537.5
36098.4
33996.5
30224.9
32742.2
32984.8
31435.9
32712.3
31000.5
32305.3
31536.5
34877.6
33659
31698.1
33059.1
31023.3
31707.6
32118.3
31238.9
33131.9
34831.3
33135.6
31975.5
30313
35348.7
32144.9
32564.1
29648
34443.8
28458.7
32584.6
32515.3
30024.1
32384.4
33463.2
28636.1
33644.5
32411.8
28800.7
32309.1
32060.2
33271.5
29429.5
28187.7
30313.8
29873.9
33732
29850.8
30592
30764.6
31832.5
32621.9
32262.9
34186.5
33639.8
31920.8
33424.3
33042.7
33033.8
35269.1
32249.1
34294.5
34057.3
34189.1
35396.6
34775.1
33198
31881
35035.7
36268.4
30658.8
30432.2
31354.4
32766.1
35598.4
35384.8
36232.6
33304.2
33972.1
30954.3
36003.3
44647.6
40559.7
38689
37650.2
41320
38028.6
42455.8
38554.2
40489.9
42883.9
39184.1
37064.7
33077.5
32683.4
31923
32979.7
34749.2
32964.3
32125.7
30633.5
33201.8
31225.4
32360.3
31473.4
32774.6
31804.4
34210.9
33738.2
35386.5
37757.6
35632.5
33466.3
35094.2
33230.8
35719.3
34590.6
33617.3
31853.9
35996.3
31508.8
37462.9
33645
37671.8
36820.7
32269.2
30469
34115.7
34480
33851.4
33937.6
33406.2
34191.5
34508.5
35047.6
34568.9
33590
35855.1
37472.7
36280.4
36226.1
35259.4
34905.4
32756
36040.2
37455.7
35953.8
37540
36332
35653.4
36107.1
37526.7
33360.2
34967.5
34248.9
37002.9
37644.5
37015.6
36273
38109
33861.2
41224.4
40005
38070
36296.2
38122
39566.8
35571.1
38449
36179.3
36538.9
34197.3
33104
35878.8
33216.2
34969.4
33957.5
32986.2
33564.7
34312
35187.6
34931.4
33797.9
33054.4
35084.5
35112.1
32666.8
35362.8
35069.1
32574.2
30647
30895.6
33851.4
36354.3
34211.9
34564.6
33555.4
36355.9
33510.2
35783.7
34889.3
36852.6
36295.4
34225.1
35022.9
34264.3
36286.8
30414.6
33992.1
34312.9
33181
39662.5
36138.6
40156.5
37115.9
38717.7
42016.1
39420.2
39606.6
39375.2
42996.9
42263.2
38999.9
38540.1
37408
37855.7
40799.1
38953.7
40620.3
37257.4
37363.9
37059.3
37658.5
36667.2
33925.8
38206.1
35305.1
33439.5
37559.3
34650.1
36207
36456.5
34807.7
37728.4
42432.5
38062.5
40864.7
37260.7
44305.5
35581.2
40057.5
38858.6
37408.7
35416.3
35982
37077.4
35913.4
32235.2
44044.7
42012.4
36772.1
36595.9
34081.4
36673.9
37677.8
36118.3
37231.2
36845.6
36963.9
34677.6
38030.1
33816.3
38527.5
42840
37344.2
38587.5
35442.3
38072.6
36792.7
36412.3
38154
34588.2
36028.6
35423.6
32814.4
40693.6
35092.2
38558.4
37068.9
35906.2
37198.2
35369.7
38409.2
37592.7
34800.7
41487.4
35907.2
37510.6
33107.2
39219.8
36243.1
39897.4
36400.8
37937.9
41984.1
41836.4
35754.7
34810
36478.4
44647.2
40984.6
38839.9
41900.7
36688.9
42819.6
39026.9
37113.7
40354.1
38354
39394.3
41370.3
40109.2
39142.2
34705.2
37226.3
37752.3
39092.4
36278
37151
33462.5
35813.3
34229.3
34798.4
41043.1
40638.2
45472
36594.2
37426.7
38573.8
36775.8
40019.9
37622.6
37474.8
38862.1
34571.3
35295.4
35100.3
35869.3
38643.3
46537
34982.1
40496.3
40032.2
37328.6
40555.7
36823.9
40093.8
37148.1
39671.7
36667.5
34418.1
37450.4
36855.3
38578.2
45515.2
36923.5
34452.9
38514.2
36982.9
31316.8
39329.8
41929.7
46183.4
39559.6
41612
42817
38457
41511.9
41008.7
43050.4
37569
37727.5
36268.3
37821.4
37989.3
35352.9
36733.8
36782.5
37431.5
34277.2
35482.3
33922
35825.7
39371.2
41487.3
38903.7
37954.8
41942.6
36803.1
42568.6
41706.1
45741.2
39458.5
42186.2
40937.8
41183.1
38495
38784.7
42256.9
38747.9
38188.1
38369
44855.2
44416.2
47920.2
41079.1
40247
36063.9
33987.1
34342.4
39951.9
39721.9
43649.1
42287.1
43865.7
43743.6
43882.3
42381.3
35611
40016.6
39089.1
39511.8
39646.9
34933.5
36676.3
41369.4
39210.9
43240.9
36367.5
38325.9
40402.4
37501.1
36710.8
40382.1
38721.8
40272.7
37969.7
38585
40920.7
37938.1
44553.6
38684
40091.1
44093.3
38181.2
42034.9
41746.9
45260.7
40735.1
37697.4
41126.5
46016.5
50971.2
44699.2
40529.4
48204.1
40569.6
47846.2
40870.8
39978.2
40565.9
39850.1
39462.8
41308.5
41204.9
38168.8
35289.7
38374.4
37578.7
43076.4
41830.8
37745.4
38279.2
36922.4
36005.4
37746.9
40177.4
41482.1
38258.4
43235
45787.6
44471.2
46948.4
40420.8
40879.7
40304.6
42804
44111.1
41473.9
38936.1
42088.3
42546
40935.6
40718.1
46448
40316.1
41920.3
45027.2
44732.9
47103.1
46340.5
41806.1
41561
39089
41843
38904.9
39689.3
39444.8
37925.8
34696.5
39945.9
37955.9
39524.7
40161.5
38136
37299.4
37641.9
35095.6
40089.4
37882.5
35997.9
39224.3
39737.5
40603.4
38947.6
43503.6
41284.6
41972.4
40694.1
42135.6
38059.9
41412.8
46878
46120.2
41357
45970.4
44886.2
43515.6
42969.2
42428.5
45281.4
46361.5
49068.7
42468.5
42118
45981.3
44196.7
44340
46304.7
43235.6
42204.1
45068
43412.6
44909.6
47266.9
43701.2
44844
44493.5
42615.4
42063.7
44370.8
45771.4
44095.6
43478.9
43986.6
47383.2
49120.9
42690
50593.3
47660.3
41470.9
46327
47218.3
43786.8
43876.6
44472.5
41771.6
40098.2
38333.6
40151.3
40855.5
45508.4
42339
41590.2
39763.5
40298.4
40991.2
40162
42913.6
48466.5
47109.4
39136.4
43526.1
40604.9
42801.8
44023.3
42809.8
47201.9
44615.6
42508.9
39892.3
37633.6
46275.2
40627.4
42537.4
36179.4
43899.3
39251.1
39859.1
39956.9
43274.4
43853.6
47004.5
45594.7
43957.5
43194.4
39187.2
40733
43964.2
43587.5
41819.1
38208.4
42782.8
41611.6
42155.5
41132.7
43064.8
47540.2
39386.6
40155.9
43981.2
38432.4
43927.9
43178.6
42336
44237.2
41733.3
41592.2
43173.5
42546.2
40552.7
39856.4
38571.2
41319.7
40999.7
38775.9
44368.3
42283.1
40882.3
38826.4
42302.1
43958.6
41651.4
38757.3
43095.2
44571.4
39281.6
41689.3
38226.3
46149.2
43657.7
39027.8
42352.9
40368.5
39281.7
42870.9
40782.5
41956.7
41342.4
41451.8
43245.9
37668.9
38841.8
44317.3
41504.4
39144.1
40282.7
41609.4
42668
39540.6
40008.5
38793.9
42195.9
42066.3
44686.6
40519.7
41492.9
40259.4
43385.2
42170
42116.4
40507.6
41132.6
42835.4
43561
39024
43440.4
42536.6
42770.6
41980
41925.2
40884.6
41012.3
41326.5
45156.1
42103.6
42401.7
44513.7
46846.4
42889.1
42426.3
41585.6
43939.6
43813.7
44770.7
40910.4
43324.8
40546.9
41421.3
43502.1
44272.9
41614.5
40981
46244.7
41199
41370.1
41275.2
41425.2
41219.9
37555.8
42511.6
43116
44154
43967.1
38245.5
41453.6
48504.8
46473.9
42056
42045.7
44438
37532.6
39737.4
46613.7
43914.6
40195.1
42840.9
42985
42606.4
43297.3
43615.7
43491.9
42518.6
42077.6
44578.9
41713.6
42761.7
43957.8
43417.3
38823.9
45450.3
47578.4
47255.2
52277.6
49549.9
48136.4
49224.1
47762.9
46954.6
51801
42306.8
48844.4
50737.3
48176
48319.6
47637.3
46120.9
43345
46240.6
47675.3
52898.3
50290.8
45139.9
52689.9
41221.8
48478.8
48721.8
49571.6
52252
47333.3
50814.3
47029.4
47561.3
48227.3
52747.4
49738.1
49655.1
47750.3
47859.8
45100.3
48301.2
46076.1
48533.8
45599.9
46880.4
48625.4
45826.4
47477
56479.8
45457.6
49505.4
47938.1
50418.1
47478.9
52283.5
50490.9
46515.3
49194.2
48405.8
48152.5
47940.5
45294.3
51717.4
47577.5
47870.5
50894
48414.3
48600.4
49631.8
51425.3
50564.2
48627.1
48341.1
52743.1
48129.1
50873.5
48969
47719.8
50808.2
50937.3
48239
50627.2
49992.6
50662.8
47218.4
44860.5
50084.8
48086.3
51141.6
53250.4
49856.2
48686.6
47569.4
45999.5
46004.2
48977.2
46442.4
45747.7
51646.6
49025.5
45525
45671.8
44906.2
49262.4
45578.9
45023.2
46545.4
45014
45921.3
44551
44261.6
41780.6
43273.7
47578.6
46150.2
45482.3
42262.7
44371
49638.4
49009.7
44380.8
43954.1
43348
46697.7
45887.7
44912
44827.8
46127.7
45753.9
42851.4
43593.4
48692.2
44991.3
37204.1
42074.2
42879.1
41406.2
44362.5
47519.8
45767.2
44085.9
42411.8
41274.8
42262.5
42344.6
45919.9
46669.9
43635
43888.3
43343.5
41933.5
42374.2
45011.6
46929.7
45720.7
45474.4
42324.4
45508.6
43042.7
43152.7
40783.6
42472.5
45544.2
41513.9
43360.9
46559
46775.8
45655.8
45931.4
46139.5
51045.3
43350.7
45457.3
47086.6
44112.6
43713
47459.8
44171.1
42442.4
44589.6
43017.9
43735.3
43685.1
45258.6
42718.1
42203.9
45440.4
49423.5
45690.9
47361.2
45087.8
46170.7
43551.5
49146.2
42137.9
46173.3
44113.9
46266.8
43990.1
45533.6
44959.8
41397.9
48419.3
48384.5
47804.5
42957.7
43616.8
46331.2
45329
47853.7
46931.9
45210.2
44025.2
43464.2
41465
46254.6
45780.3
47002.8
43362
45012.5
42429.7
48664.8
45107.5
44440.6
44347
44939.5
48060.9
44268.4
47884.4
44027.2
42681.7
50975.7
48333.9
43684.6
46843.9
47756
44899.6
46711.3
44912.3
52530.8
44709.1
45198.4
44373.8
45799.9
44909.1
46308.9
46922.9
44346.4
44442.4
44978.2
47163.5
44662.8
48344.5
53294.9
51763.9
49333.9
49622.5
47183.7
45946.1
44925.1
45627
45074
41723.8
49251.9
49371.3
46075.9
44678.4
63252.5
62001.3
56561.1
50630.4
53934.8
52620.8
51577.4
51338.2
48176.4
46243.1
43095.1
48739
45107.7
48560.7
48208.4
44999.3
44807.7
48985.9
42542.3
45019.1
48355.9
46849.2
42775.1
48425.2
44636.1
44372.9
46999.3
50534.9
46351.3
46673.8
43273.2
44731.7
40384.6
50431.1
43916.6
40081
45074.4
48208.1
44178.1
44363.1
46928.6
44498.4
46545.7
44388.6
43412.4
48229.8
47512
48222.7
45740.8
51443.2
47747.9
50059.9
44805.8
49293.9
45813.2
47115.6
49751.9
50390.8
41189.8
46015.4
46241.7
44576.2
44927.7
43560.2
50456.3
51150.5
44482
47870
48390.8
50503.6
49391.6
45986.5
45947.7
45241.9
45424.3
46378.1
48561.7
46101.3
45605.6
47755.8
47800
57527.3
51601.1
50571.6
46569.9
43879.7
45467.6
48685.6
49499.7
49258.6
41931.3
47059.4
51586.4
49398.9
43179.8
45461
51004.9
60151.1
52029.6
47611.1
48081.7
48717.5
47055.3
45434.4
44862.8
49450.1
45436.2
48995.6
51094.8
42770.4
44993.5
49602.8
50222.5
50148.7
44911.1
46170.2
46303.5
49565.1
49327
45756.9
47308.5
47912.4
45171.9
50571.1
47620.6
46173.2
48007.6
48824.6
49931.4
48508.3
44375
49074.8
51615
48192.6
50761.8
45921.8
48399.9
52457.3
55443.7
45918.7
46340.7
47529.4
49081.6
48211.1
51529.3
48917.6
45102.5
53378.6
54359.9
48347.7
46731.6
46699.8
47107.2
47851.1
51158
48521
49320.2
49733.3
53070.1
51883
49117.7
49294.8
47676.2
46786.5
44149.5
49654.4
48893.2
48229.7
48584.2
45406
45262.4
46236.8
44498.7
46058.7
49025
67784.2
69131.3
63248
54612.9
51735.8
53584.2
52284.7
53024.4
47063.3
49502.7
50847.8
52068.4
54795.1
57975
61075.2
61711
63815.7
67086.6
57506.9
58630
50378.1
47477.2
45850
50711.9
48421.9
51142.3
52494.5
54780.7
46899.1
51642.8
47828.3
44606.8
50878.1
55120.4
48930.3
51507.6
47872.3
51410.1
51425.1
51735.2
46599.3
51883.9
53834.1
43274.7
46409.7
50239.9
51848.7
51399
50183.9
53096.2
49291.5
45904.8
49899.1
51534.1
51183.9
49078.4
51010
54336.5
51785.5
49521.4
51830.6
50388.5
53444.1
50602.7
50518.2
51347.8
51891.7
50748.7
48441.5
51080.5
49558.9
53004.6
51162
52450
49082.8
48863.2
47827.3
50025.5
54963
51797.5
49587.9
53339.5
44471.8
52176.3
47747.5
51227.4
54777
53164.1
49240.7
51586.3
50939.4
52244.7
49742.1
54615.3
49799.4
53815.2
51716.5
52412.2
51501.2
52330.3
48703.9
52036.1
46260.1
49712.8
51911.2
51320.9
49570.9
50077
47708.1
52450.5
47562.6
52753.5
49485.9
48788.4
49167.2
49923.1
58211.4
51585.9
48928.7
48334.3
50229.9
50401.1
48976.2
50645.7
48317.1
51936.4
53332.7
50535.1
50311.9
57456.3
68446.7
58437.6
55138.5
49097.4
55322.9
53756.7
54710.8
56767.6
57740.5
58693.9
53049.8
55733.3
61858.5
49210.7
57913.3
58697.5
54914.5
52489.2
52065.5
53226.4
52037.2
52343.2
53357.3
51129.2
52921.3
56813.3
54548.9
56549.2
53077.6
56452.4
52744.4
56133.6
51787.6
53561.4
53124.3
53963.4
65828.9
60704.5
60971.3
57667.9
65378.7
58507
57133.1
48544.2
52307.8
61750.7
55508
53343.6
53918
53433.4
54322.6
57627.6
57051.2
55858.7
58729.4
57926.2
57320.3
52196.2
60882.7
62901
58811.6
50797.5
61749.7
64292.9
54497.7
58891.1
55116
58904.2
63583.2
58072.1
53032.9
56331.5
54803.4
52231.5
53119.2
57192.5
61324.2
53789.1
53187.1
50573.5
58181.3
55407.8
52653.2
51839.3
56275.5
54958.9
52071.7
53638.9
51105
52285.7
56041.6
53699.6
55166.6
51075.5
52847.8
52429.2
53768.7
52799.8
54208
55735.2
56952.3
59089.4
55900.2
54812.9
58684.9
55324.1
58629
63659.9
57518
57408
55394
59664.8
60874.8
57818.2
52687
57517.8
60866.8
51165.6
56195.2
51101.7
56919.9
56353
56476
54656.9
68803.2
61461.5
53211.3
56110.6
54155.4
63524.1
55075.7
50514.9
49909.9
51263.1
47627.6
50470.4
52162.3
52785
54129.8
59491.7
57921.2
55637.8
53879.7
53667.5
54017.4
54759.7
52608.5
56421.1
55879.7
52258
62578.4
56886
57806.2
53552.3
47190.1
59032.8
55596.3
55958.7
53900
58274.8
56104.7
59193.4
47478
52756
54648.4
59488
53902.3
58775
50528.5
51163.2
58495.2
69516.5
57343.8
55532
55216.4
54699.1
57886.5
59968.2
59933.9
64608.3
57423.9
60841.8
62711.4
54328.1
53376.8
52816
57639.8
57684.5
57560.8
54214.4
56363
63260.5
59940.8
59257.9
55934.5
52799.9
51950
58647.8
56510
59890.8
58794.7
60315.3
54874.8
59873.9
56131.5
55005.9
53870.7
60417.2
55033.9
55148.4
57755.9
62886.4
62229.2
65842.2
53829
59100.4
57075.2
49945.4
56763.5
57819
62177.5
58336.5
62984
60359.7
59736.3
53779.7
58412.1
52426.7
52154.4
50721.3
57964.3
56173.6
66582.7
55161.1
57781.4
61463.3
60062.1
62563.7
57783.7
60282.7
60971.9
64557.1
59928.1
59988
56196.8
56644.6
59279.7
58796.4
59364.5
63285.9
58383.7
57095
58957.7
55578.2
53180.2
53266.7
53161.7
54548.4
53671.6
57847.1
60915.2
64577.3
63344.5
62676
55598
55340
58605.2
56051.4
56595.5
63582.7
65499.9
65279.1
59835.1
52126.5
57565
55326.1
53662.6
60763.1
55728.5
55998.4
53902
62916.6
57919.1
63086.2
57432.6
56011.6
54161
57021.5
55808.2
54014.3
60755.9
61544.6
59534.8
59144.9
56076.3
56372.8
64368.8
59925.7
60064.7
56469.3
57027.5
56355.4
62492.6
60515.1
63249
54497.5
60305.7
53079.7
57298.5
51857.1
56040.4
55875.6
56322.9
53046.1
60325.6
55488.2
63023.1
62339.9
55539.5
69130.5
69726.3
62404.5
61287.9
58876.7
62160.6
58839.7
50583.1
54490.8
60580.2
57120.5
57136.3
59932.5
59174.1
59075.1
74367.9
64898.5
59640.3
62910.6
54751.7
58569.2
55808.4
58867.5
62059.6
57765.8
56616.9
54599.4
62597.7
53493.1
48697.4
58299.2
51165.1
60316
53721.9
53982.4
50295.4
60730.5
57119.4
55505.6
55607.4
56372.8
60201.3
55737.3
54650.9
64103.4
60012.4
52974.4
52094.5
56799.7
56449.8
62976.6
52728.7
50697.2
56492.8
67648.5
55316.3
56190.4
54165.6
57783.4
54951.2
58606.5
54570.5
54446.1
56213.3
49878.7
47170.2
50551.6
54289.2
61667.9
55777.7
56088.3
57367.3
70362.1
59644.1
58461.8
55706.5
61968.6
52288
52834.5
55519.2
60140.5
55687.4
52494.9
54248.2
60629.4
61285.9
49595.7
51695.5
56578
63052.3
59797.5
63051.6
50790.2
53287.9
63200
54507.2
55778.4
56351
60215.4
51896.6
54818.3
57783.4
59205.5
58398.8
48405.2
55693.3
60277.5
70398.1
55937.3
51753.3
53541.6
66450.5
57513
56832.4
53633.8
48826
64913.3
51818.1
55341.2
53903.7
60615.8
55139.7
55922.1
51626.2
58612.4
61473.4
53723.3
53778.4
55901
66716.8
56331.4
59859.2
60758
61584.7
57273.1
53899.6
52841.9
54395.9
66005.5
52559.2
52045.7
57799.1
65288.2
51410.1
59743.5
58489.6
59647.4
62456.8
56882.9
54945.6
66495
60673
58333.2
60078.8
63255.5
59475.6
57750.6
55822.4
60195.5
60343.6
57970.7
57700.7
52261.7
62216.2
53086.7
54132.7
58553.1
61208.2
61255
51629.1
54361.4
53842.9
62776.8
55153.3
49877.3
51862.8
61082.1
55160.9
54163.2
52537.3
55777.3
63622.6
55860.5
53036.8
54508.9
59531.5
59756.2
58970.7
55678.6
58121.6
63405.1
59091
58977
54212.3
67451.1
53818
54169.5
60430.5
63842.8
57677.9
52541.4
58650.8
57834.8
60889.3
61049.6
57053.4
58630.7
59545.3
59345
60187.5
58799.2
61335.2
58596.8
55224.4
59452.9
68835
62030
61942.3
57236.2
67261.1
55710.9
62007.8
57875.7
63062.1
63141.3
55272.9
59512
61395.3
63123.6
57629.8
59413.1
61912.4
61347.1
56687.7
52997.7
56630.6
63246.3
56535.7
60410.7
61203.3
64615.2
54486.7
59333.5
63096.1
68490.4
59759.6
61092.6
61116.3
74290.4
65393.9
65217.6
65188
71761.1
61985.9
63486.1
59874.2
70176.8
64780.1
63508.8
70324.9
58517.5
55989.8
57070.5
58849.2
73944.9
58930.5
60069.2
61747.6
70849.4
67638.2
62757.6
61676
64098.5
61981.2
53999.2
64528.6
65107.2
59835.4
59695.8
70253
71001.9
64494.1
62337.2
80140.2
56513
56380.7
54728.3
59448.4
62619.1
59812.5
51690.3
74624
69000.5
68034.1
54932.9
65409.4
69235.3
66331.6
52873.2
61038.5
51865.9
54737.5
55002.3
56772
67196.4
55482.3
62122.8
58285.8
64165.5
56229.7
56671.3
63744.2
72348.2
59057.8
60322.2
62236.8
69603.2
60049.6
58613.8
55355.9
63872.6
53765.9
59926.2
59300.8
58351.2
63509.6
57335
54393.1
66997.4
71861
66399.4
71308.9
76413.4
74097.4
62683.2
62335.4
64507.9
60430
63627.2
59716.2
62391.8
57361.9
63793.3
55028.4
65043.3
63042.1
59632.5
55868.9
65411.9
59739.9
63406.8
58460
71098.5
59368.5
58845
55345.7
80755
81104.5
74515.2
78465.4
62026.2
58038.9
54935.4
56925.8
64730.8
59205.7
56025.5
60307.7
65309.9
57318.4
56484.4
59616.5
71708.3
65800.7
56570.8
58015.9
64902.1
58831.3
57201.6
57360.8
66672
59157.4
55865.2
57445.7
61602.6
66073.7
60135.8
56143.3
80194.1
66218.6
59661.9
65604
67689.6
63526.9
69182.9
67150.5
71356.6
60605.1
64062.5
60172.3
64411.6
55750.6
60873.1
66882.2
69906.5
58398.3
57227.4
62783.8
62260
58451.6
48729.1
57107.3
63747
51575.2
55816.5
59730.5
61311.2
62025.1
62411.3
56989.9
60398.9
59706.6
54754.9
56876
63687.2
66478.4
60082.9
62053.3
60362.9
60643.6
64046.7
66929.8
65892
67929.8
58218.2
58557.1
64453.8
64909.7
63065.1
56985.9
58512.6
66816.9
54086.9
55773.2
61186.1
58048.9
58136.3
58363.4
63587.7
66434.9
59298.9
58730.7
54391.8
69582.4
63782.1
63894.2
63360.9
65701.5
59763
61624.6
55368.6
69001
60400.5
61611.4
58097.4
64131.9
60790.1
57099.8
59717.9
57359.7
68747.1
59119.7
58349.5
58289.9
68578
63083.1
59690.5
64875.8
68801.2
58928.8
59135.9
64784.6
65944.8
58687.4
56970
61587.1
67028.4
53210.5
54632.6
59789.4
66605.4
58060.3
55174.5
57762.3
67994.8
61344
58447
57038.3
63802.5
57050.1
57693.4
56656
65672.1
57139.3
59063.4
59266.8
60239.8
66794.3
55844
63652.7
56844
62384
57516.3
56261.8
57990.2
62453.2
57898.7
60831.9
63070.5
68284.2
60435.1
56649.8
63600
64676.3
57130.7
58255.7
59403.5
65660.7
61802.3
61269.2
60129.5
65701.6
58206.2
56668.8
57598.2
67690.2
59535.5
57161.2
52835.4
55250.3
67615.4
58936.1
58436.6
57720.7
71180.4
63347.4
58831
57493.5
65842.1
62897.8
64762
71084.6
65208.3
60669.9
57670
57798.4
67826.4
62801.1
66125.7
65871.4
66920.3
65323.2
60841.2
72616.7
63208.4
63468.1
69168.7
72732.3
60142
61932.3
66424.9
72669.5
67066.8
62471.4
77572.1
72107.7
65370.5
56254.7
66486.2
58849.3
62011.8
61550.3
77939
57945.4
53387.3
65808.1
71395.3
65660.9
63987
61533.3
66241
57852.2
59580.7
61513.9
66372.9
65827.9
61987.4
72825.1
77842.7
62195.1
63291.8
65505.9
64858.7
59040.1
59698.9
69538.3
63713.8
64034.7
61863.4
67731.1
72582.3
55855.3
57655.3
69829
63927.7
66256.6
62354.5
74892.3
62984.7
58148.5
59966.4
69649.4
58265.9
61342.9
60492.9
69418.9
57636.9
58396.8
58851.4
66367.4
62879.4
67322.4
55768.6
66494.9
65446.6
62241.3
61559.4
70447.3
61454.2
62509.2
63592.8
70219.4
67068.2
62820.5
57574.4
72606.2
64655.3
82045.2
72045.4
64259
65852.7
60705.9
71146.2
68674.2
61192.1
66583
73183.9
73699.9
65366.5
68381.2
72615
69782.8
67800.8
72603.2
73752.6
69480.7
70162.4
81491.2
72161.5
67996.1
74665.8
69049.3
73182.6
85611.2
73841.5
72029.8
71712
70409.3
66583
66780.2
66698.5
73668.1
71001.9
68786.3
76561.3
64112.2
69878.7
78686.5
71048.7
66794.9
74394.5
78426.8
67649.3
71213.4
70011.2
69025.5
76340.6
68016.7
71514.9
68184.4
65491.3
85263.6
73411.5
72191.1
70922.8
72873.1
70434.8
69511.7
71683
65668.9
67505.1
71736.6
72083.6
75672.4
72896.7
88337.6
69733.6
75902.3
71605.8
78801.1
78077.7
65147.9
81562.8
70523.8
63126
74669.4
71603.9
64534.3
68381.6
78773.4
68296.4
66432.1
64904.3
74575.6
66927.8
66112.8
75137.3
64698.1
62775.3
64830.5
64481.6
66400
61482.4
66080.3
72466.6
58448.9
72395.3
71018
67179.7
68288.1
68871.2
70242.2
71833.9
70399.8
64380.8
75556.8
65703.3
65985.1
71525.1
69073.8
69431.8
67268.8
72335.3
61810.2
60326.8
65598.7
73934.9
69162.2
62553.8
65185.1
66366.7
67522
70297.4
79320.7
74279
69241.2
73669.3
73540.2
69367
64620
67549.6
68589.8
65740
63623.1
71557
63864.9
61835
64728.9
70980
61137.1
61993.4
65258.7
67687
66259.5
64726.6
68791.3
62644.7
60694.4
62664.4
74945.4
70358.3
60280.3
63348.5
78056.6
66601.3
66561.7
70415
72917.6
70443.7
68202
67457
65957.9
62272.3
67149.4
71486.9
64825.1
67156.5
71587.6
70316.7
64161.6
64817.7
65375.1
65078.7
69232
73269
70175.6
60330.9
58292.4
63124.4
72703.4
64297
74962.9
74083.3
75190.7
67531
69088.7
77014.9
71565.9
67089.5
78811.9
74964.4
70840.6
75713.4
70659.7
65617.7
72886.6
81547.4
79043.9
81785.9
83219
67552.5
72738.1
64036.4
71680.9
62842.5
64799.3
65758
76169.8
60983.4
66930.3
73664.9
69127.8
61797.3
66253.2
69648.6
66381.8
66368.7
63437.2
76881.4
65439.4
60747.3
69438.6
71681.5
68275.3
63777.6
73540.3
67511.8
70441.4
73022.8
78293.2
67867.7
72784.6
74487.1
74384.3
71690.6
81634.2
79676.8
61324.7
67029.6
73468.7
62306.1
68712
71340.7
77552.9
68293.5
62288.6
67020.9
69696.2
66060
67894.8
75759.2
66438
67017.6
76354.9
79036
66798.9
69232.1
78111.8
65028.6
65959.5
71995.6
69789.3
70109.1
67807.6
71833.5
69420.3
62165.3
69135.9
68724.2
63703.4
65850.7
65666
74884.5
68267.7
65845.8
76054.7
64801
66604.3
62166.4
75443.3
68816.4
64829.6
71102.2
67504.5
67265.1
64590.3
73578.2
69052.2
67996.8
63512.2
78522
67716.7
63824
66306.8
78187.1
64238.2
73356
81405.5
72115
70476.5
63843.7
69921
75776.4
68752.2
77620.8
62134
69833.3
68796
70962.4
73968.9
72951.2
99629.7
82790.5
75035.2
77089.1
73767.8
65544.7
68508.2
72031
67931.5
63824.2
66801.5
66804.5
60701.3
60778.5
72944.2
60779
69848.1
66429.5
75014.2
65005.7
69963.2
70110.7
73365
61111.4
72085.6
74171.9
66165.8
69887.1
69227.7
68348.5
60181.1
63996.1
76132.6
69365.1
67245.4
72532
78264.4
85932.2
70753.4
71408.6
64470.3
68336.1
67696.2
77515.8
70672.5
72236.8
74776.4
70864.7
73688.8
69774.6
78815.1
64882.1
65311.8
80441.7
75369.8
87521.5
82334.5
77149.5
81872.6
75457.5
73652.7
71677.9
77918.1
79050.1
67919.9
67833.5
71579.8
65942.2
73182
85990.7
72425.6
73687.8
75573.2
79070.4
62916.4
69568.2
71982.6
81170.1
64577
67055.9
77138.8
65551.5
68545.6
73789.2
75779.3
61478.8
76035.2
88651.5
76985
67748.3
75729.2
69095.9
68302.6
67097.2
78041.1
76497.7
75892.6
74076.9
65802.7
66046.6
66539.7
78035.2
65052.3
68882.7
78918.4
81071
77949.6
73501.7
76197.3
62082.5
66735.9
85403.4
73893.5
69373
69115.4
81349.1
75544.6
96826.1
97420
86403.8
89644.4
83118.9
68762.8
67984.7
75410.9
70924.8
68920.3
87405.7
70094.6
92926.9
98431.7
84839.8
89411.4
79389.3
77534.2
73773.7
76593.9
75005.2
75093.7
69146.5
73962.7
71581.1
75621.5
76027.1
68275.8
66877.5
73107.7
76674.2
72499.5
83132.6
78743.4
69280.9
66999.1
75525.4
72287.1
69691.1
64942.1
82255.1
75004.8
69977.1
75321.4
66345.2
67030.3
85015
64757
75269.7
77302.4
72569.7
68216.4
77952.6
73919.7
69722.9
76568.3
72601.6
77635.6
70025.8
68386.6
84144.8
67060.9
68950
69647.3
81303.9
70344.5
71498
73803.4
61541.3
68218.5
72979.6
86939
75278.3
77068
76480
66258.9
69125.9
72394.6
68461.4
71144.9
79357.2
79396.5
67623
76387.8
75843.1
67566.1
68809.7
69995.1
81115.8
73915.9
81178.7
87141.2
79491.1
77729.3
81550.2
73575
75559
69028.7
70922.4
69636
74642
78192.9
70167.2
73955.9
73601.6
71499
70140.5
70128.6
75839.1
75170.2
68797.6
76874.2
68525.5
79433.6
79840.7
62193.4
67020.9
72470.5
74077.5
63119.9
74922.3
72446.4
72307
65320.5
67103.7
76935
71588.6
73899.1
95745.4
81580.1
74693
73861.9
76248.8
79692.8
79148.7
83812.1
76984.8
77642.3
75012.3
66502.2
68863
85975
81053.6
90687.2
84317.2
71040.4
70640.2
81969.7
71114.5
66672.6
76282.8
80961.7
76844.9
79970
86721.8
67445.4
66031
67830.9
79257
68538.5
77938.5
82769.8
72819
70816
67812.1
70850.2
69439.6
82051.6
91091.5
70901
72405
75657.3
70833.2
65429.6
71094.8
75647.3
79279.5
66428.1
72833.3
71736.2
72775
71477.2
66675.9
74992.2
78162.2
75884.7
74665.7
68802.6
80346.3
67183.6
70631.8
72746.8
83770.3
80654.4
76879.1
75113.9
68659.2
71106.2
83181.8
77671.3
83153.8
74649.6
66366.6
75406.5
73443.1
80450.4
75832.3
77710.1
83796.2
71593.8
68091.2
74978.3
63580.8
68993.7
71532.3
77856.3
78903.9
72962
75790.9
72126.1
72841.7
72288.5
78001.9
66775.5
83980.1
76696.1
69475.7
65269.8
80305.8
69816.5
69842.9
91490.3
82642.4
67363.2
76243.7
76081.8
74946
63104.7
66013.2
75808
73037.5
78201.7
74016.6
72467.7
67568.4
78659.4
63100.9
71735.3
85586.9
89865.5
87649.4
83535.7
77231.6
69612.4
76528.6
86608
85616.4
72926.4
69639.3
74254.6
77755
75685
68025.2
67824
79919.7
81375.3
68224.9
70713.8
77821.6
73747.6
74874.1
75026.8
80512.1
69570.9
77984.3
74509.1
68192.5
65323.7
73785.7
70415
70181.8
87202.8
90481.8
82010.1
74221.8
80931.3
64544.2
69460.3
90539.4
74435.8
70307.2
75044.1
67770.7
69411.8
71889.2
72938.9
79053.2
69698.9
78808.9
79093
72296.5
78342.5
82084.4
75845.3
82534.3
78263.6
71048.2
69565.7
75713.5
73946.9
75896.1
77094
78931.4
70249.1
71723.5
77789.7
65910.1
71640.3
85559.7
68695.3
92572.3
94090.6
66148.8
69290.8
70709.1
75993.6
68429.3
73019
88054.9
73201.9
66857.8
78874.8
77904.3
65719.1
73242.8
80108.5
84586.2
71917.7
76054
68704.2
84946.3
76191.4
67499
70679.3
75279.9
86299.9
93071.1
78414
78861.1
74975.4
88021
89920.8
96416.1
91086.2
76609
70029.4
71020.6
84790.2
79111
69398.3
85974.8
72199.1
74879.2
84797.9
79154.3
88423.3
93216.5
91131.4
87189.3
91042
78715.6
83767.5
85144.1
87571.4
95904
84970.8
84633.8
92199.9
86522
91212.3
89104.9
90697.7
76461.2
81293.6
71241.2
74041.9
72140
75955.8
79467.8
73644
80818.2
79154.6
72680.4
78167.1
81478.4
92290.4
83353.8
83118.4
84932.5
83082.5
86884.2
81629
103624
80495.3
71760.8
79848
77966.6
76210.3
74617.6
76937.9
74947
68361.3
75864.6
72289.7
82945.9
76227.8
75508
70252
80147.5
73383
83743.8
91597.4
74980.3
73763.9
87296.6
76791.8
71709.3
75500.4
82415.7
76023.5
69249.8
81008.5
76726.4
78946.5
70683.8
69642.2
77563.5
72232.5
77062.1
76416.3
85005.1
94662
86872.3
89951.1
87714.6
82485.4
85076.6
105603
94350.5
84680.7
80270.8
85998.4
86490.5
81957.5
69103.2
75019.9
75538.9
70537.2
76374
81008.2
67618.7
75489.6
86739.7
72301.2
76015.9
75380.5
76920
74597.4
75709.8
80362.2
72126
73660.6
81252.6
76713.9
77772.8
78718.8
75707.8
80218.3
90698.1
87596.5
84015
84143.4
79923
80940.4
84330.3
81761.4
78606.2
87546.1
76498.3
82167.1
89375
82140.5
82413.2
81424.7
71248.3
72122.8
79498
79725.1
69943.2
75217
76161.2
77489.4
69290.5
81991.7
69753.8
77212.5
77073.6
82601.8
71507.2
73416.6
85948.3
83156.2
77498.4
85362.6
83227.3
88883.1
83363.4
76648.9
87777.2
86232.7
83081.9
83824.9
79872.1
86330.8
81850
94978.3
81779.6
93125.9
93508.4
82179
88808.6
78979.8
79662.1
75685.7
72517.9
81066.8
78581.3
88764.5
73617.1
73505.6
77017.8
74495.1
74912.5
83579.1
79996.6
78761.8
88863.6
75169.9
70751.4
73958
80962.6
80087.7
69948.4
79638.1
72326
72714.9
80431.4
74347.6
78308.6
83281
80858.8
81678.4
84623.8
96398
72076.6
94999.2
83530.1
85128.8
88950.5
89125.2
88216.5
94011.8
82330.8
83489.5
81074.9
78365.1
76575.4
83612.8
75576.2
77239.3
80390.5
73796.4
83882.2
80223.3
80094.2
78004.9
79011.9
84362.8
78134.1
81924
81206.6
80209.1
72271.4
80284
77429.2
76576.4
83138.7
75941.6
69632.6
86836.4
78892.1
77574.7
72930.8
75952.7
72247.7
92433.4
97668.6
92922.1
91543.5
92749.4
91662.8
90530.3
78051.9
90264.4
80364.2
83220
80746.5
85526.6
80824.2
79785
79480.3
90106.8
77337.1
83588.2
78144.1
97566.7
86735.2
95781.4
85896.4
103144
84401.4
98758.5
94328.6
86073.8
95035.7
81390.7
94776.3
89221.5
85216.4
89952.5
87847.4
80019.8
82402.3
85968.4
80600.2
75545
92114.9
78787.9
75240.2
81397.3
80591.9
83231.5
85495.9
94602.2
87866.8
91769.6
83269.7
76666.1
78261
83533
77026.7
80802.3
74141.8
81459.3
80220.2
79479.4
85380.6
89186.1
80303.2
75500.1
81132.1
70882.3
83915.2
77673
83335.6
82399.4
72093.6
75192.3
87735.3
93672.2
87160.2
75578.2
80572.6
85530.7
79322.3
75616.4
91810.2
83569.5
88288.7
79209.5
80498.9
77383.1
84060.6
74233.1
79668.5
92282.9
79599.4
77457.3
84157.7
77555.6
72060.6
85313.8
75540.1
74555
89274.7
77059.2
73897
78018.5
80359.5
73989.7
86313.1
91151.6
84324.5
88212.6
82529.3
83000.8
76596.1
87478.9
81570.4
80920.1
78805.4
85853.9
76841.1
79567
79713.4
75074.9
85471.1
78628.6
75346.6
84180.3
71838.4
76569.7
78826
79568.3
79700
81082.4
81955
77672.3
81171.3
80113.1
84253
90132.4
82426.4
79679
77573.5
90517.7
78608.8
73869.4
81373.7
80238.4
70900.3
92690.6
77479
68316.1
