314906
300596
304735
295649
317138
321299
321445
325710
324572
319094
315239
321539
338538
332896
318096
326688
321137
330036
338759
329901
326600
336734
339077
339369
340399
332600
367213
342962
359907
348151
360725
358546
356344
363406
362070
371654
376494
379822
354597
390090
369409
354356
358280
370942
381312
364719
354265
387719
378034
405023
392901
391247
393876
379718
409492
384625
377117
379365
373317
399111
396653
388618
409652
414959
390052
412285
408079
408496
408681
409409
416603
433529
420783
423512
420563
433673
422794
442737
439366
418382
452889
427556
437298
429302
448022
448065
437262
443353
452135
454886
452415
438622
450981
447904
460825
466023
442551
474839
474150
448243
473805
463744
471971
476808
456527
474737
476494
479831
482487
486269
466649
467998
495438
476291
464950
486729
484874
498044
515505
503839
497593
505829
491532
498497
498366
517622
512227
497698
514998
508014
519017
498724
539698
502804
490730
539812
491017
501149
527069
519963
531917
523510
522639
520062
547012
546058
518051
547123
536942
520828
546175
544367
553718
527810
538374
547259
558149
541976
554212
549885
565509
573660
557543
554498
553469
569662
570908
556420
555976
595537
567354
576638
580971
566126
585114
596370
613057
595660
599107
573811
586531
598419
589914
594925
607381
581933
599531
586731
625210
608938
623615
620727
586015
624304
583865
646925
629405
610645
587192
600870
630825
619658
644647
634743
625810
635331
629951
649826
628817
621189
659056
676053
665846
611456
674529
651780
660517
645492
643208
660412
661847
663394
670805
674601
642567
670829
680383
647430
656416
690199
683959
633438
692794
697706
696155
710443
695494
705943
689769
692756
739915
694434
695314
703653
716637
710616
716798
754559
732161
705777
760890
721085
743696
733631
746807
713136
740004
696642
720686
764697
718060
719665
725827
760227
740979
764364
727942
739567
746812
734961
771423
791348
772957
762369
786896
751944
776797
782708
802742
790163
810893
785396
809367
822905
812743
810114
802763
770792
795024
809759
786470
846235
746275
811589
808075
842822
798298
765672
815064
808115
785803
819991
846668
817309
825745
860043
805490
847388
840150
798166
824872
808806
823970
831703
836447
844300
838331
916713
906378
826670
889587
880929
825369
843730
898749
857899
852320
865469
849098
846311
822182
857721
889003
888287
877761
938645
879209
812241
896712
904815
897964
876450
866858
907248
885634
872946
941581
909914
932230
938237
933530
904367
904283
922321
952662
901400
877965
930332
919936
940342
957951
936140
968973
939688
980393
966389
924592
906475
929705
940326
944158
914876
971321
952651
951074
958218
960612
912266
921030
972532
971195
979945
951260
937391
916217
954452
996946
929376
957561
953812
969370
955156
1.00636e+06
985713
991712
971157
971789
939244
989279
939860
975538
1.00063e+06
984393
1.02023e+06
1.01306e+06
978576
1.00015e+06
980333
973074
1.03001e+06
985646
979924
986618
1.02163e+06
974293
982617
958402
1.01292e+06
989589
1.01427e+06
975987
1.00772e+06
992386
1.01351e+06
1.01256e+06
1.00056e+06
1.04206e+06
1.01341e+06
1.05175e+06
1.02529e+06
1.06968e+06
1.04157e+06
1.06343e+06
1.0669e+06
1.05473e+06
1.03033e+06
1.05122e+06
1.02692e+06
1.10419e+06
1.06257e+06
1.02907e+06
1.059e+06
1.08129e+06
1.06322e+06
1.08e+06
1.05646e+06
1.09744e+06
1.06565e+06
1.08388e+06
1.08689e+06
1.11949e+06
1.04902e+06
1.0594e+06
1.03752e+06
1.06223e+06
1.08982e+06
1.11251e+06
1.10394e+06
1.07336e+06
1.05892e+06
1.12139e+06
1.05409e+06
1.06162e+06
1.04444e+06
1.05875e+06
1.10559e+06
1.01796e+06
1.10938e+06
1.11756e+06
1.07189e+06
1.08294e+06
1.09038e+06
1.12286e+06
1.08804e+06
1.07792e+06
1.11428e+06
1.08978e+06
1.0553e+06
1.094e+06
1.08463e+06
1.1074e+06
1.12086e+06
1.10685e+06
1.08478e+06
1.09838e+06
1.15866e+06
1.067e+06
1.08349e+06
1.06913e+06
1.06505e+06
1.112e+06
1.13143e+06
1.12776e+06
1.08921e+06
1.10367e+06
1.03907e+06
1.1274e+06
1.10438e+06
1.07436e+06
1.13551e+06
1.05239e+06
1.15737e+06
1.11958e+06
1.11505e+06
1.09363e+06
1.07767e+06
1.19259e+06
1.15933e+06
1.11962e+06
1.0993e+06
1.11399e+06
1.17164e+06
1.17926e+06
1.10855e+06
1.14581e+06
1.13017e+06
1.20138e+06
1.10651e+06
1.14251e+06
1.19133e+06
1.15258e+06
1.14475e+06
1.13694e+06
1.11108e+06
1.19923e+06
1.1121e+06
1.12811e+06
1.1087e+06
1.18881e+06
1.10787e+06
1.16538e+06
1.18093e+06
1.16563e+06
1.15896e+06
1.15694e+06
1.13089e+06
1.12032e+06
1.13078e+06
1.14008e+06
1.15189e+06
1.17792e+06
1.22461e+06
1.16824e+06
1.09916e+06
1.19823e+06
1.12526e+06
1.14296e+06
1.15157e+06
1.17265e+06
1.15908e+06
1.15772e+06
1.19318e+06
1.11066e+06
1.1111e+06
1.18022e+06
1.15016e+06
1.16613e+06
1.19516e+06
1.22076e+06
1.21911e+06
1.17265e+06
1.1673e+06
1.17826e+06
1.11093e+06
1.20995e+06
1.20814e+06
1.17702e+06
1.15938e+06
1.11914e+06
1.20832e+06
1.21042e+06
1.18236e+06
1.1261e+06
1.23368e+06
1.16782e+06
1.1468e+06
1.20125e+06
1.1605e+06
1.1945e+06
1.14305e+06
1.14852e+06
1.13017e+06
1.18192e+06
1.18144e+06
1.16466e+06
1.18571e+06
1.22073e+06
1.17467e+06
1.28661e+06
1.18094e+06
1.21022e+06
1.19807e+06
1.12128e+06
1.23744e+06
1.20596e+06
1.21959e+06
1.20111e+06
1.17855e+06
1.19884e+06
1.19327e+06
1.19447e+06
1.19556e+06
1.18664e+06
1.18308e+06
1.17206e+06
1.15426e+06
1.18016e+06
1.15371e+06
1.18368e+06
1.21033e+06
1.22755e+06
1.13144e+06
1.20237e+06
1.18283e+06
1.20918e+06
1.20081e+06
1.2318e+06
1.20734e+06
1.25058e+06
1.20595e+06
1.2041e+06
1.26747e+06
1.17527e+06
1.17531e+06
1.17241e+06
1.17045e+06
1.23323e+06
1.16718e+06
1.20921e+06
1.23448e+06
1.191e+06
1.22035e+06
1.29238e+06
1.20593e+06
1.18912e+06
1.16471e+06
1.25504e+06
1.18738e+06
1.24148e+06
1.20484e+06
1.23723e+06
1.26167e+06
1.2334e+06
1.23502e+06
1.26485e+06
1.27184e+06
1.26363e+06
1.28363e+06
1.29452e+06
1.25372e+06
1.20193e+06
1.28205e+06
1.23136e+06
1.23229e+06
1.29429e+06
1.21614e+06
1.26766e+06
1.21154e+06
1.29032e+06
1.26168e+06
1.18989e+06
1.26989e+06
1.1719e+06
1.2884e+06
1.30005e+06
1.22063e+06
1.23992e+06
1.28748e+06
1.2028e+06
1.22436e+06
1.27705e+06
1.24995e+06
1.31178e+06
1.23003e+06
1.19109e+06
