93.14
160.053
127.329
118.61
139.489
128.167
153.756
131.904
164.145
118.634
136.229
129.654
155.859
133.046
131.872
147.443
177.313
161.954
139.957
142.667
176.412
144.867
158.753
150.677
154.175
193.217
178.874
146.173
132.288
139.215
159.16
194.497
144.044
163.259
198.073
255.315
192.919
136.979
151.391
146.121
181.711
216.935
264.085
205.825
156.608
190.059
196.732
143.799
137.755
154.644
134.156
136.126
143.165
187.477
177.799
137.726
134.171
162.871
164.456
156.613
200.141
248.871
258.639
289.455
333.74
358.035
392.413
146.969
176.879
129.198
142.652
262.045
163.375
150.002
137.041
131.543
136.648
140.159
160.465
149.802
191.384
153.751
151.721
149.826
170.442
187.152
143.322
169.968
153.148
190.62
179.962
118.941
140.469
148.202
118.839
142.869
159.833
133.458
130.885
123.642
148.734
129.332
188.996
147.017
177.192
164.23
172.121
152.817
185.297
182.362
133.766
168.912
156.505
162.387
160.194
195.424
157.684
154.694
157.05
156.941
132.495
161.965
128.621
127.949
144.754
131.544
151.846
137.597
164.648
140.991
135.558
138.668
139.534
163.714
143.252
149.327
145.295
133.913
180.344
169.825
170.054
199.407
180.359
173.308
170.308
193.84
151.679
141.642
168.798
201.646
271.281
171.189
167.298
168.829
202.618
189.259
181.554
172.651
170.954
200.189
192.333
169.582
180.397
177.739
176.409
179.302
201.62
182.011
184.415
173.037
176.41
184.401
193.113
231.196
217.703
585.433
4338.97
4357.59
4470.43
2386.58
161.3
166.61
262.845
158.289
153.404
151.937
163.33
172.325
164.625
193.238
223.215
178.088
185.669
181.8
177.465
181.813
185.607
175.864
151.688
154.441
178.782
155.012
150.314
165.321
155.587
179.179
163.283
180.32
151.38
167.403
157.203
182.194
179.611
177.196
189.954
188.204
223.138
190.393
188.136
209.571
195.357
188.127
181.155
190.419
199.09
172.155
178.997
178.081
204.957
198.765
227.051
221.256
218.839
211.255
203.12
236.5
192.812
204.022
227.961
214.175
201.33
199.727
194.425
201.233
204.382
204.847
203.17
234.555
203.522
207.701
206.909
236.857
208.708
204.688
206.139
215.948
230.335
209.846
219.267
237.221
211.16
225.398
205.731
226.491
228.741
204.936
211.134
234.298
214.364
226.795
216.409
221.368
241.909
397.927
219.492
210.788
299.869
218.599
225.766
232.388
217.094
200.858
192.384
189.241
197.4
210.932
199.15
187.099
181.992
202.941
234.086
188.884
185.171
192.6
186.805
187.11
186.904
211.744
242.093
194.527
251.93
228.175
245.828
235.319
243.547
258.999
205.955
202.777
195.81
200.649
188.106
187.715
196.187
188.176
199.881
197.55
225.558
255.523
199.114
221.895
282.655
239.055
245.843
265.805
280.973
232.861
265.626
236.951
234.553
243.445
217.33
195.45
217.461
249.436
274.848
249.7
203.899
204.631
201.611
211.525
262.047
293.073
305.456
248.546
260.673
226.413
223.104
215.026
244.505
212.373
200.871
224.967
201.897
241.524
377.702
346.175
377.73
410.775
373.488
401.356
428.532
568.82
593.492
618.353
665.375
676.937
723.516
748.609
663.736
666.132
227.809
215.62
222.47
255.662
276.735
213.858
226.828
231.299
252.073
254.479
239.149
273.345
293.727
228.841
207.784
224.386
257.306
207.48
199.565
212.746
340.507
254.967
276.123
310.108
256.745
237.734
256.309
256.145
214.903
206.23
208.332
234.97
200.249
229.182
206.429
215.679
237.916
262.661
262.218
502.646
248.513
253.698
256.261
265.627
273.151
288.792
250.864
275.579
251.487
263.903
270.954
255.14
278.66
314.277
294.16
266.187
264.927
304.228
260.169
291.49
298.928
256.173
282.855
258.794
258.902
277.218
261.752
253.26
279.06
263.992
258.046
289.295
265.33
258.553
250.991
259.336
262.555
272.829
278.418
280.54
265.027
265.937
258.819
266.967
263.109
276.516
354.846
268.069
295.786
273.195
267.593
274.585
268.352
275.071
9561.94
7512.35
6258.71
6247.24
3677.56
3620.91
3342.6
3318.92
3345.25
3377.35
3267.83
3324.83
3247.33
3308.37
3378.02
3314.5
2611.01
7616.94
3115.3
2965.3
2511.3
2522.66
2513.35
2325.76
2334.03
2429.82
2622.42
2295.7
2174.78
2152.09
2384.06
7076.82
4870.24
3115.01
3095.84
2815.37
2204.18
2410.2
2362.5
2076.01
2091.36
2069.38
1983.16
2175.47
1950.82
2075.14
2119.21
1944.24
1994.5
2062.76
1954.95
3764.96
7854.62
7731.37
7924.67
4860.26
2999.5
2938.85
2778.25
1963.62
1830.03
1977.72
1745.53
1982.7
1760.11
1759.27
1983.58
1734.76
1786.85
1978.89
1743.77
1730.85
6954.36
8338.78
3338.85
1742.15
1780.15
1930.8
1728.19
1725.64
1787.98
1986.7
1728.24
1896.24
1787.18
1738.2
1729.09
1753.19
1764.48
278.085
6523.34
1682.04
1639.74
1573.59
1514.43
1368.36
6672.92
5185.16
1861.19
1786.39
1816.57
1568.77
1806.54
1575.12
2328.71
2229.29
2228.99
1963.38
1581.89
1583.61
5334.35
9462.67
8725.54
7518.22
6831.31
5266.71
4691.05
5615.81
4904.09
4587.72
2431.22
2182.73
1842.61
1689.62
1648.5
1563.1
1585.86
1885.07
1650.41
1549.31
1540.43
1753.52
1725.97
1494.88
1733.47
1495.93
1651.88
1856.44
1811.19
1511.18
1604.93
9842.27
10038.4
10018.4
8609.14
6273.72
5513.67
5135.41
5409.03
6024.85
5790.19
5191.58
5273.8
5383.45
4826.53
4918.96
5212.65
3678.36
3560.53
3355.57
2852.68
2937.57
2711.74
2252.49
2140.53
1772.97
1498.48
1439.18
1433.11
1627.17
1512.32
1439.78
1507.66
1589.96
1454.71
1626.91
1420.88
1428.76
1427.66
1659.32
1754.15
1660.04
1529.47
1660.94
419.564
420.75
4334.11
11125.9
7250.56
5943.7
4542.19
3276.9
3308.41
2979.26
2829.88
2906.23
1494.7
1503.32
1555.91
1683.41
1500.93
1735.64
1721.94
1748.64
1493.12
1709.98
1592.86
1725.48
1507.76
1499.49
1988.25
3464.67
2151.31
1511.69
1785.54
1573.56
1520.18
1764.91
1793.02
1560.3
1507.49
1508.91
1559.06
1690.6
1506.39
1685.54
1609.63
1511.1
1510.17
1633.09
1726.31
1778.46
1761.38
1791.78
1742.41
3096.95
1186.69
1193.17
1281.69
1333.52
5186.34
3101.35
1309.26
1229.25
1392.02
1179.9
4237.74
12865.3
13450.3
6399.72
4772.06
4664.64
4641.92
1843.64
1319.42
1381.71
1127.43
1313.48
1309.07
1212.83
1200.78
1194.56
1306.81
1264.83
1329.03
1773.49
1292.89
1290.75
1119.24
2229.87
1918.83
1080.18
1077.17
1083.72
1188.68
1221.36
1309.42
1390.87
1167.08
1082.88
1086.76
1211
1191.65
1197.48
1232.2
1291.69
7860.26
13605.7
13313.4
11381
7317.12
5648.77
5579.13
5479.13
5133.1
6547.42
5177.01
5098.82
5295.33
4898.65
3516.77
2904.19
2929.14
2790.32
2046.37
1647.94
1099.39
1093.53
1096.15
1109.56
1296.99
1302.06
1308.57
1112.49
1202.36
1331.43
1276.22
1273.65
1199.42
1098.9
1054.56
1057.31
1271.03
1072.86
1045.25
1034.85
1035.92
1144.11
1161.23
1233.66
1120.23
1228.83
1244.9
1167.27
1249.85
1063.89
1041.28
1229.89
1125.03
1029.39
1041.33
1061.04
1256.73
1528.15
1319.73
2957.21
1217.15
1217.76
1150.13
1279.13
1202.5
1227.72
4638.56
12158.5
9460.76
7637.58
6936.61
6155.67
3677.27
3901.77
3981.51
4108.89
2532.41
1204.1
1176.62
1183.96
1174.87
1183.47
1185.47
1186.7
1197.79
1182.03
1191.27
1252.98
1172.53
1109.96
1220.96
1166
1196.35
1119
1182.1
1106.41
1198.47
1222.05
1229
1210.12
1262.08
1286.14
1390.45
1223.14
13130.5
18645
19029.1
18483
17964.4
17946.6
18184.9
17803.7
18907.5
17637.8
17807.3
18084.8
18217.1
17483.5
17288.7
15911
15836.1
16854.9
13013.5
13116.9
11883.5
11517.9
11074.8
10590.4
7798.8
8203.04
7930.62
7815.3
7422.46
7465.83
7177.23
7068.71
7179.36
7299.64
6986.41
6953.65
6724.03
6696.92
6040.16
4113.78
4194.56
4139.43
3858.11
3085.2
3027.3
2066.9
2122.79
1952.38
1082.03
1009
1016.93
1012.73
1003.04
1006.32
1017.03
1199.86
1020.42
1209.41
1041.98
1025.69
1008.62
1210
1164.14
1171.9
1086.71
1018.58
929.094
1344.93
606.792
8417.63
8457.86
7412.43
1340.98
1149.8
1179.35
1340.02
1097.57
4177.11
18115.1
17451.6
17763.5
16833
18802.6
17662.7
17133.4
16268.6
14098.3
13192.8
12557.5
11916.5
13293.5
11736.1
10256.7
18532.4
9283.38
14331
6818.62
6424.72
6159.87
6135.04
1332.2
1124.56
1158.49
1125.04
1099.06
1099.59
1201.17
1232.31
1104.35
1256.31
1218.87
7867.28
32222.6
16498.4
19599.8
29938.2
29510.8
14010
15556.8
26307.3
12203.4
14641.1
28870.5
25236.4
15289.6
19670.5
13244.7
12317
11664
11462.7
10678.8
19437
11488.7
5145.15
3798.05
1093.87
1093.23
1114.68
1193.1
1233.71
1113.37
1095.5
1085.68
1222.97
1266.78
1268.78
1185.1
1114.87
3830.72
21035.4
16936.5
14637.2
14196.2
13782.6
13780.4
9398.58
9324.65
7544.47
6155.09
6332.12
6036.03
4341.33
2365.77
2257.12
1815.03
1501.11
1176.49
1123.63
1323.57
1134.56
1114.68
1114.47
1122.98
1253.83
1358.04
1277.33
1066.3
1010.56
1083.06
912.135
887.289
934.341
1016.8
936.169
792.35
8888.95
15739.5
15403.9
9873.4
8073.06
7054.87
6757.66
6535.89
6303.01
6231.14
6003.02
5684.85
3899.13
3723.58
3690.82
3893.98
3560.52
1339.92
1554.8
1439.63
1419.09
1536.26
1334.61
1311.93
1326.45
1559.38
1304.66
1543.14
1551.84
1308.25
1513.01
1518.56
1498.06
1472.84
1324.6
1561.49
1324.17
1554.39
1313.98
1316.4
1328.52
8904.33
18154.5
2556.45
1455
1283.68
13007.1
21154.7
18028.1
15928.3
10752
9710.39
9387.78
10188.2
8659.92
6043.24
4966.83
4905.91
4730.82
3034.82
1583.78
1385.29
1453.18
1309.79
1211.07
933.43
24364.7
26873.6
27516.4
26005.9
24052
23890.6
23357
23627.8
23783.8
22549.3
22199.3
20478
18658.6
18866.5
16993.3
13067.4
10359
8974.06
9022.79
8876.28
7859.67
7364.52
6968.48
6396.15
4466.48
3133.22
2725.17
2288.89
2452.28
1705.73
1585.46
1497.93
1449.99
1350.24
1351.34
1573.51
1340.42
1334.97
1285.69
1273.68
1399.59
1317.35
1132.16
1082.7
1294.84
1034.01
749.638
696.306
699.616
716.662
1507.95
2006.72
1833.97
1921.19
1892.93
1903.36
16938.2
4745.68
1863.97
1593.39
5826.92
28670.5
26673.2
24144.6
23671.4
22727.3
22973.3
18485
20519.7
19079
17122.2
14762
12264.6
11235.2
10945.6
9941.55
9651.17
10035.2
8922.63
8855.8
9427.91
9508.74
8691.91
6615.41
5580.72
5182.86
4915.97
4183.94
2143.45
1936.86
1892.49
1830.02
1773.09
1528.6
1416.48
1630.68
1603.11
1436
1453.58
1481.33
1701.02
1245.93
1239.66
1467.6
1229.64
1432.78
1435.84
1223.98
1444.11
1434.8
1207.22
1394.95
1296.43
1088.01
1064.57
1259.3
1031.36
1159.49
988.737
1031.67
975.894
832.456
970.111
850.67
898.816
826.593
23784.9
29546.7
27466
26181.3
23544.1
20998.5
21841.2
22288.2
21953.6
20426.8
20314.2
19680.8
20576.1
19515.3
19830.2
20478.6
19995.8
19851
21138.3
20145.8
19782.2
13679.3
11844.3
11906.1
11950.9
10125.3
7928.85
5381.27
4666.73
4685.36
3257.42
2497.4
2495.26
2597.51
2641.61
2803.14
2554.07
2471.4
2362.23
2362.39
2370.5
2510.91
2681.4
2352.1
2622.19
2640.05
2669.17
2615.53
2599.67
2587.98
2742.55
2682.9
2389.68
2615.94
2357.69
2607.13
2599.8
2358.84
2363.69
2516.72
2387.17
2287.1
2020.73
1812.92
1550.25
1454.72
1586.06
1299.43
1185.95
1157.21
1187.77
1349.98
1187.42
1052.44
1240.73
1300.96
1389.02
1194.84
1204.65
1084.67
1092.37
1104.01
978.505
899.106
14175.4
18974.4
17136.8
17278.2
17140.6
19234.6
17900.2
17280.2
17726.2
17280.6
17693.1
18239.7
18175.9
17683.3
18889.2
18199.7
18405.1
18440.9
14528.4
10889.9
10470.8
10540.2
11785.7
10626
10177.2
9612.3
7142.61
3172.93
2888.18
3115.27
3159.38
3156.22
3150.53
3106.48
2858.76
2884.97
3273.81
7258.27
17074.5
6385.02
3373.45
3069.78
2879.26
2874.85
3186.6
2993.61
2992.33
2967.23
12976.5
17457.6
15746.3
7441.91
17784.3
22233.2
12980.9
5898.81
3011.46
3050.99
3049.55
3087.76
2788.03
2931.15
1450.92
14048.5
15763.6
11213.1
10150.2
8604.5
4977.07
3203.66
2744.14
2984.51
2957.05
2960.75
2718.69
2722.81
2715.5
2954.23
2954.5
2703.4
2705.62
2703.06
2217.33
2135.81
1811.95
2010.83
1658.54
1144.16
27022.7
19592.8
12030.8
11710.6
5719.58
5817.78
4980.95
3080.32
3126.87
3889.23
24687.3
22053
22313.5
21947.9
22218.1
22169.2
22004.9
22121.8
22084.3
22508
22088.4
22814.6
22347.5
22443.9
26172.9
22743.2
20903.8
17309.4
15608
8264.51
4224.94
2983.78
3088.76
29050.3
25307.3
21432.5
18449.3
17283.2
16204.6
14783.4
15042.1
15081.7
13784.8
7229.56
4392.87
4396.25
3723.08
2872.68
3077.52
3115.48
2859.24
2707.98
17236.9
25265.2
22965.4
22429.7
21413.2
19961.6
19421.9
19965.9
19807
19311.1
19581.1
17718.2
18786.1
18447.6
18665
18088.3
15935.1
14164.5
13691.4
13231.6
13227.4
12974.2
13324.2
15252.3
13337.3
12700.4
12489.2
12270.2
11973.3
12127.9
12187.9
12511.4
11505.9
11465.7
11558.8
11312.7
11049.8
10975.6
10592.3
9751.33
9832.82
10375.3
9616.8
9831.13
9783.57
9694.81
9709.52
8870.51
8459.09
8720.05
7593.43
7570.15
6582.57
6400.62
6814.77
7499.52
6914.91
6218.91
5489.74
5913.4
4720.85
4253.28
4245.73
4080.29
3530.04
3782.6
3357.78
3076.53
3017.51
2905.76
2901.81
3139.05
2923.76
3275.2
2988.31
2865.89
3097.19
2879.84
3100.13
3104.45
3201.71
3145.73
3424.9
3491.28
3114.19
2986.94
3093.72
3105.31
3277.09
3090.29
3232.78
3201.67
3008.31
3007.44
2803.18
3055.98
3023.17
3000.43
2869.32
2783.04
2716.55
2486.15
2600.73
2568.19
2349.84
2288.69
2391.61
2370.16
2483.57
2365.43
2356.42
2435.77
2207
2229.31
2255.27
2430.09
2173.09
2494.35
2410.08
2479.91
2303.98
2253.24
2476.95
2181.3
2560.72
2401.44
2159.53
2285.75
2044.71
2142.05
2067.61
1977.49
2157.05
2047.96
2112.05
1867.88
1960.61
1797.36
1878.48
1862.16
1806.72
1918.85
1821.39
1590.45
1574.74
1577.88
1812.14
1796.17
1794.04
1543.4
1527.56
1496.35
1726.8
1726.27
1703.77
1695.18
1482.11
1401.4
1627.18
1619.09
1411.17
1336.89
1324.3
1550.21
1306.53
1270.9
1249.91
1270.09
1516.91
1499
1280.11
1440.91
1261.51
1476.18
1260.52
1239.51
1470.98
1472.21
1449.24
1455.76
1467.03
1407.9
1275.71
1392.86
1407.55
1383.04
1359.44
1357.77
1308.02
1317.46
1389.36
1496.02
1375.97
1238.91
1102.88
1031.59
1079.07
1210.41
1032.46
1210.25
1186.4
1219.36
1149.34
1225.1
1098.71
1005.59
1204.34
1102.12
912.889
3891.75
12615.6
12339.7
12529.4
11431.3
10975.3
10021.2
6485.54
6147.57
5870.57
5848.87
5833.92
5790.3
5749.68
11594.5
6607.66
17013.4
12519
5995.27
6141.85
5641.63
16263.6
22076.8
14548.8
5752.64
6910.11
18092.4
19069.7
19059.3
10759.7
25928.2
15967.7
19670.1
24084.4
19282.3
15185.7
12961.6
12021.1
5892.95
5298.79
5193.84
5104.91
5180.52
4822.24
5354.33
9241.45
19521.4
19733.8
19692.5
6857.7
4679.32
7643.14
25456.7
20350.1
10330.2
5067.94
4438.73
4398.41
28659.6
30437.6
29610.7
29379.4
28730
24833.9
14490.2
10534.8
6002.97
5446.05
5714.95
5304.36
4820.49
4656.5
4632.25
4347.61
4406.63
4758.06
4290.76
4317.4
4290.16
4414.22
4182.84
3912.68
17674.6
19575.5
16123.9
6558.1
4594.72
3965.52
4498
4328.46
4310.34
14162.1
18358.6
17941.1
17712.7
17523.4
9818.8
23232.8
31525.2
37926.3
33230.6
29499.4
24679
21906.3
21419
22428.1
21466.9
20683.6
21527
21253.5
16861.4
17570.2
18148.3
15237.3
11374.3
10481.8
9392.56
6400.14
5831.19
4927.12
4555.84
4569.19
4853.91
4499.31
4546.49
4728.05
4599.19
4519.55
4531.91
4491.18
4693.84
4219.58
4284.03
3854.16
3452.48
2794.62
2310.54
5739.4
4634.47
39038.4
35706.5
29463.5
28184.3
30727.3
30473.7
26987.2
26605.3
27636.3
29861.1
28697.1
27117.8
21902
21817.7
18970
14057.9
9957.18
7364.49
5792.3
4633.28
4262.34
4562.41
4425.86
4180.31
4184.27
1588.51
1227.86
1238.49
1275.82
1304.49
1335.44
1378.82
1406.52
1501.91
1528.23
1499.63
18627.1
17052.7
19798.2
30452.4
30009.3
27666
24710.9
23230.5
19927.2
17273.4
16153.5
10420.7
7221.32
6696.02
6208.01
4494.62
4374.22
4114.38
3956.88
4176.96
4949.87
19567.3
19785.9
10878.1
6444.55
3894.32
4125.16
4252.68
20717.8
21860.2
21871.6
22015.6
21356.7
20494.3
23462.4
30237.4
22020.7
9290.07
9557.07
8639.49
6988.32
4419.51
4321.33
4424.04
4283.65
4203.89
4380.95
4383.67
4425.28
4389.22
4413.27
4404.27
4445.99
4374.83
5277.49
44637.1
44849.3
31026.6
8774.86
46334.5
46501.2
44030.1
46159
36408.5
21876.8
18384.8
15495.5
6533.21
4095.7
4073.74
4107.08
11133.8
13036.6
6028.3
4269.3
14779.6
21308.4
16068.9
29951.8
10697.7
9693.31
8289.98
4358.24
4293.8
4049.11
4156
5225.74
22155.1
10975.1
26387.9
22782.7
22809.1
21589.7
20181.9
17976.8
15811
14698.2
10400.5
8327.37
7945.97
7388.02
6148.89
4998.64
4368.14
3657.42
3777.51
3578.12
4008.98
4334.52
3772.73
4042.82
3950.14
3681.71
3649.25
3567.39
3575.95
3554.69
3778.72
3550.81
4130.64
3589.27
3527.58
4009.41
3645.84
3246.47
26085.6
26675
22951.7
18436.9
17479.3
17267
14941.2
10255
8099.77
4635.76
3526.21
6712.89
20540
13972.6
6534.48
18224
11765.4
4390.11
21189.2
3891.88
15505.8
27559.4
24515.6
15447.7
7660.99
5561.55
5712.41
4452.07
3699.88
3461.03
14468.2
11639.9
4790.48
13175.3
24238
13136.9
5559.75
4167.81
3665.51
3647.7
3628.87
17813.3
38663.6
39045.9
25020.4
17811.1
17405.4
6950.35
3411.64
3608.8
3610.65
11885.3
28522.8
20162.1
3676.4
9417.15
9821.6
9840.51
9518.95
9959.55
10078.3
4572.03
8626.81
5625.09
27973.8
26948.7
25970.9
13714.9
10279.1
9749.08
10389.8
10554.5
8755.7
3373.98
3742.11
3469.22
3734.42
3490.77
3632.65
3446.24
3771.5
3712.1
3719.9
3550.93
29085
21645.9
11007.2
4210.11
3668.9
2490.08
5783.11
3872.68
6201.42
3953.94
36236
21236.2
3627.7
9150.16
5263.22
3653.29
3623.4
35695
41588.6
41999.7
32060.3
21739.3
18920.7
16851.5
10857.3
7466.94
3976.09
3245.89
3366.51
10954.5
3402.17
4204.9
31005.9
28241.6
12869.1
7623.29
3942.1
3431.82
9968.27
5587.87
9388.6
28133.4
27539.1
26936.5
20876.9
13192.7
8685.58
5139.44
23092
9336.42
22915.3
14929.1
5553.84
2990.22
3098.89
3155.17
4662.23
11832.5
10949.6
10113.5
8335.9
7408.93
5969.45
5562.61
4488.81
3330.89
3136.47
2842.36
2974.43
2916.83
3145.13
3139.02
3375.94
3164.6
16217.4
10903.6
6011.45
3408.35
3336
3322.86
3330.05
3351.84
24929
15061.7
11867.9
5080.14
3302.06
23792.7
19793.7
9220.17
3022.47
3005.24
3010.02
3196.13
5002.53
19151.6
7230.07
35657.8
31916.8
28477.9
27784
26733.3
28705.2
30784.8
30379
26571.8
21720.1
20933.2
12841
11555
8281.2
4415.16
2935.6
2676.34
2917.08
2925.8
2922.42
2691.58
15422.5
3242.18
16478.2
28269.7
26458.8
23914
13440.2
10505.1
8161.75
3590.09
2795.68
3091.31
2865.66
3123.77
3989.23
11269.8
29943.4
26128.3
6180.41
2778.42
9654.93
5168.85
23685.7
19090.9
7867.59
3866.73
2098.95
26241.3
29999.7
30346.1
21497.6
6372.59
5198.5
4015.5
3202.46
3076.82
2959.83
2927.02
3189.94
3050.8
3197.83
2984.62
3173.26
25240.3
34442.1
28735.6
28184.6
28387.2
8773.01
3041.29
3178.96
26200.5
13173.6
13332.7
13049.7
9898.93
3342.32
3268.87
36164.6
50683.5
50906
48172.3
45021.6
42697.6
39590.6
35770.4
33426.9
27238.8
24787.4
21512.4
19848.9
19509.4
20162
16037.7
12241.8
10642.5
8765.89
6612.33
6756.42
6045.98
4864.49
4650.41
4368.11
3416.4
2956.55
2742.61
3133.38
2865.77
2724.44
2625.11
2284.72
9802.89
15307
8738.07
21733.8
32292.5
30899.6
19745.3
25313.1
45413.7
33080.2
10334.5
14423
23940.3
28872.1
17031.6
35023.9
49819.6
40212.3
16754.4
9415.65
3868.78
3217.76
7071.85
18144.3
14802.6
23741.7
9369.12
19027.1
9072.91
5837.43
37038.6
20353.4
3058.37
27139.3
10737
13608.9
33747.5
39603.8
30412.9
23515.8
15147.6
9721.47
7938.96
4157.49
20603.9
35962.8
45175.9
44831.1
37283.2
33711.9
58216.9
34608.5
10028.3
5804.85
4622.26
4147.88
3918.64
3068.45
2876.9
4618.28
40572.4
39872.4
37076.7
29357.5
16758.6
8713.54
3131.28
2959.87
22004.3
11402
7124.6
17562.2
10617.7
12778.9
17972.7
7425.24
2878.89
2859.05
23131.7
7708.86
17190.4
24249
9909.48
3924.31
3004.54
7696.09
5390.36
14107.9
29497.1
29999.9
28682.7
27640
14856.7
11658.1
4957.92
2810.72
3277.75
2905.3
2723.74
2648.37
21680
16207.4
7978.98
3389.71
12250.3
13493
4761.36
25236.2
5124.53
3646.48
21323
51135.5
27319.3
25776.1
34565.4
7562.28
22842.4
12365.5
6416.07
3121.62
3031.98
2828.36
2774.64
2954.28
16431.2
10975.3
11717.1
32016.6
12513.8
9002.95
5928.87
8016.98
4457.54
2829.16
9323.46
34259.3
46468.4
41748.5
29746.7
29324.7
20758.4
13679.6
4493.21
3331.47
3381.22
3660.72
3332.12
3331.09
3333.43
3356.04
3339.64
3343.05
3325.37
22428.4
26649.3
10212.5
51095.7
48628.2
39747.7
8703.61
36741.8
14008.2
8832.12
20103.2
14704.6
24994.3
5187.82
14516
20264.1
11566.8
7059.85
4437.97
3203.83
2506.56
33989
27189.7
33510.8
30398.2
22890.3
7292.25
3238.65
3981.85
8526.22
6340.17
13646.6
18320.5
5994.93
16521.6
26232.2
17665
11464.2
4118.73
3055.34
16204.4
21107.9
11143.9
4820.09
16527
40331.2
25153.7
11553.9
4654.01
3108.42
3095.03
2562.34
26837
34619.7
33352.6
34583.3
33489.1
32766.8
33543.4
36185.8
35719
24241.3
15654.5
9613.64
6955.1
5674.8
4001.07
2879.65
3105.75
2856.31
3115.24
2862.1
3016.12
4045.88
13967.2
10440.9
30548.6
33323.1
19266.1
5181.96
11856.6
32935.3
11216.8
5072.18
4085.05
18536.4
17084.3
7558.92
8128.05
24702.5
3111.67
32131.2
17803.9
26011.4
7848.43
3198.5
3670.88
14589.5
5927.37
16846.5
13423.6
3731.86
3078.4
15975
5021.64
3545.3
9117.4
24708.1
15144.3
6063.66
17318.9
12449.7
28986.1
35458.6
34795
32395.6
16537.3
10583.6
5377.16
3211.15
3072.47
14248
30862.1
28921.7
18381.8
17395.8
16281.8
13799.6
12048.3
11556.1
11520.4
11940.9
11527.8
10700.6
7347.61
6773.2
7121.39
6242.87
4308.8
3457.92
3653.3
2930.13
2863.46
3107.19
3104.61
2859
3181.25
2870.4
3062.81
3115.83
3184.46
2963.1
4416.99
26229.1
11385.4
30031
20447.3
5908.71
6071.84
3516.09
27556.5
34420.9
33738.1
32243.4
32598.9
31330.4
21527.9
18429.3
13296.8
8631.44
7645.86
6947.58
6834.67
4662.38
3021.01
2960.49
3067.66
3291.34
17617.8
14008.1
13691.7
9778.4
9716.9
9682.98
8277.03
7761.68
5494.99
19827.3
24829.4
8288.46
3226.98
37260.4
21602.3
5364.95
6972.38
16189.4
6370.5
4069.14
43086.5
52218.2
34114.5
31568.2
38237.1
24479.4
7382.6
3067.36
2871.37
3118.82
16704.8
17336.8
19378.2
6459.93
8247.84
12223.5
25139.7
45227.9
44801.2
34097.2
32397.2
27600.5
21166.5
11020.2
7409.06
3595.71
52486.7
49435
32353.3
16022
10144.8
3907.8
5091.12
3828.72
14573.1
20167.1
9858.16
35723.3
9559.39
9240
22342.9
9738.54
14777
9375.87
3824.36
11113.4
4759.29
24925.3
5715.82
5073.93
5543.04
42610.2
33669
27028.2
25013.8
17567.6
5353.32
6378.22
14985.1
4057.34
3229.79
26730.5
37774.3
21046.8
8931.56
3114.81
13343.4
6531.86
13956.6
8925.18
3411.82
6548.27
15338.6
45302
34584.6
24726.6
9763.06
8126.61
6139.23
3233.95
3171.05
3923.25
47482.1
14633
3352.35
2969.42
25487.7
33789.1
17206.1
17113.6
11604.8
9762.38
12040
13002.2
4708.57
3155.88
15967
6227.66
18275.1
11316.2
29113.3
9428.68
24941.1
23635.6
13697.8
6247.43
3534.97
24126.8
22299.5
23221.1
22894.7
4088.16
2912.53
18494.1
21440.9
24328.5
10319.3
7923.99
3218.92
23336.2
10980.5
30788.3
20916.8
19693.3
15957.2
24391.9
30117.1
52365.2
13331.3
24687.7
9394.67
6857.02
5341.01
3723.32
2946.52
2940.38
2946.77
3318.14
9931.95
16350.3
24792.9
24074.8
17808.9
17672
11226.3
9608.14
3922.23
3801.9
3215.12
22688
8697.24
3455.1
13879.7
8467.69
3562.62
8687.04
45442.2
39633.6
34628.1
9476.17
13550.5
44157.7
38058.6
41994.9
43626.1
40112
37984.3
38044.4
41312.5
38647.9
37342.7
36515.5
32645.4
28617.5
30976.5
29597.2
28380.9
29303.3
27161.3
25362.3
27336
27082.8
23997.1
21822
21540.3
21649.6
22664.6
22822.1
21837
21218.6
21379.8
21708.8
20013.8
18477.5
17894.3
14387
8809.54
8419.11
8390.92
9144.46
8029.64
5006.91
3284.65
3047.62
2910.03
2710.17
2709.44
2740.33
9160.62
30203
6174.04
4143.99
4630.24
11191.1
26638.4
7533.91
7131.21
34682.7
18780.2
12037.9
4625.22
3686.49
42833
35795.2
18817.1
6224.54
3317.2
3301.71
3220.52
37265
43202.6
25536.6
9945.43
3226.52
11760.2
10816.9
18738
7366.65
21346.9
12626.2
5447.03
3098.14
15901.4
43279.8
40064.2
30703.9
19256.7
14728.3
10609
7029.72
6266.15
4499.72
3117.32
3404.79
3114.49
14448.4
28916.3
29237
24364.4
8063.66
15798.3
57459.5
55462.3
56520.1
54364.4
35313
25895.9
19001.3
13141.6
9960.95
6220.55
5222.76
4765.45
4030.55
3415.06
3180.83
3402.69
3244.88
2949.83
24126.3
14847.1
3462.87
12238
7938.12
5794.06
11555.9
29565.3
9211
4459.33
20113.6
23434.4
20655.5
16653.1
14866.6
13662.6
11731.7
4643.75
10194.2
6624.73
16327.6
11060.4
9942.21
5661.49
4931.39
3597.35
3254.34
3488.4
3492.68
3252.68
3493.18
3235.82
2770.44
6355.12
10213.4
27416.5
38289.4
7537.36
3522.91
13221.3
28335.7
35078.2
26005.3
22208.5
18699
17332
19059.8
12490.2
14706.1
8476.44
7003.17
6014.1
4918.87
3955.54
3459.38
3765.46
3867.61
3558.97
3389.15
2804.92
13620.5
15470.9
46777.4
43530.8
37099.5
34304.4
36071.7
30306.6
26713.2
24546.7
23977.1
21695.8
20455.7
18708.9
18875.4
16604.7
12775.3
10577.5
9443.8
9221.29
6690.55
6183.64
4774.03
4132.97
3748.79
3613.37
3683.82
3659.53
3313.58
3366.02
3497.04
3541.28
3304.46
3150.14
3091.18
3075.39
3210.34
3131.35
2840.63
3141.36
2843.2
12279.8
40479.3
29365.7
23085.1
19516.2
15295.5
10520.6
7463.03
4669.2
4353.74
3895.89
3817.68
3354.96
3218.06
22222.5
33552
32611.6
15437.7
4960.11
4597.1
7741.68
8474.2
3991.11
22082.6
25871.3
17165.2
7504.68
5741.7
4155.81
4002.55
4215.8
22819.5
58949.2
51322.1
36037.6
29000.4
24252.6
23597.1
23873.3
23211.5
21959.3
20475.4
20272.8
15068.6
12811
9780.75
8905.08
8085.5
6799.15
4460.87
4498.32
4277.25
3974.99
3905.6
3576.66
3074.21
42166.3
50644.8
47919.6
36665.4
29650.5
27148.1
20970.1
20702.7
21214.4
20559.6
18120.8
13692.7
12707.8
12663.4
10169.5
9975.62
8926.22
8634.42
7715.04
5512.71
4586.7
4281.86
4375.56
4633.55
4600.97
4444.2
4164.84
4404.52
4372.5
4387.38
4234.58
4440.31
4642.13
19984.1
24135.8
24733.5
22102.6
16633.1
11255.2
6609.55
17244.6
14980.6
30574.5
25308
22638.6
20073.3
27871.1
14898.3
9077.11
7317.67
4975.04
4486.16
4846.47
10052.8
68041.1
32383.7
14290.1
7783.46
4205.97
4237.41
18725.1
31664.9
13800.7
17960.2
10971
15523.2
29936
17727.7
7313.59
4477.73
44252.8
45349.9
44296.2
46019.9
41136.6
41164.8
43964.9
32997.4
29100
22430.7
20197.5
19034.8
14383.5
13843.7
13355.4
9500.49
7604.52
4925.28
4648.82
4037.48
3681.59
3629.99
12714.2
7486.93
36666.2
49349.1
24336.9
18440
12303.5
7263.01
37111.4
33613.7
14053.8
10785.1
7287.41
12588.5
24832
26218.8
23882.8
15727.9
11455.4
5569.43
4700.13
4653.47
4353.08
17332.8
16574.1
18690.9
9230.26
40771.7
23515.9
9571.25
34000.4
24528.1
31941.4
25580.3
17818.4
27866.9
17777.5
13326.2
6134.47
20183.8
7193.15
22971
26229.9
19325.5
14786.4
10354.1
4923.28
4854.69
13843.9
28034.1
13918.6
14402.6
13689.2
24739.7
20562.8
21626.1
27602.2
5543.95
11536.8
34771.6
19346.3
7810.12
22784.8
26522
22986.5
37997.1
25292.3
9846.63
5108.05
16060.7
34451.9
28710.9
7550.1
24450.4
50552.3
50320.9
45376.2
31897.3
25569.7
21806.2
17211.3
15432.5
13877
10373
8736.75
5134.24
4780.7
5350.1
4807.64
4825.14
4901.83
4724.22
4234.4
3788.63
3949.02
3922.15
3750.41
3423.86
3552.22
10856.4
28439.6
9683.33
8210.51
19622.5
49955.2
49217.5
38325.2
33823.5
30263.2
26975
26751.3
25286.1
22217.6
17958.5
17337.7
16026.5
7630.13
5533.39
5445.42
4998.48
5136.81
5028.45
5011.29
5066.61
5068.75
5210.22
4786.56
5102.82
5041.49
4760.49
4769.08
4762.19
4572.85
4344.64
4603.2
4663.13
4891.49
4625.46
4657.11
4566.71
4538.45
8169.54
43408.5
33072.5
23963.6
13353.5
6891.09
16762
11200.5
15266
11390.6
5365.95
37846.7
24778
8293.06
10787.1
34538.5
26830.3
10174.9
6105.65
6122.81
19178.6
16218.1
35675.9
15459.8
13736.3
10789.5
6545.23
9737.07
37701.9
34981.2
33719.4
22170.1
21276.3
19991.9
16273.9
12444.4
8604.85
6843.57
5676.09
5843.16
5391
4715.46
5006.63
26777.9
12769.1
38712.5
55233.2
58319.9
36942.7
20241.3
8000.46
13667.7
20270.7
13199.2
9852.18
30808.8
14591.2
5813.46
10462.6
29194
27500.4
6076.51
5457.22
5886.44
16387.8
34360.7
18167.6
11631.3
7022.25
6185.39
5569.52
5746.65
5477.92
18093.1
20262.2
11176.4
5454.01
24272.4
10610.6
23759.3
30247.5
20321.9
12002.7
5918.32
13598
33986.5
21810.4
6588.77
17877.5
30045.1
50291.1
34008.2
33962.8
29887.1
20518.8
20932.4
20616.7
20661.7
20789.5
20338.8
21299.6
18804.5
17600.3
15183
14711.8
13275
12554
9595.43
7662.7
5985.64
6220.28
6353.47
6192.62
27633.1
23447.4
42374.9
16704.6
8914.72
30274.8
11697
14964.4
17966.6
42873
27881.4
31005.9
35874.6
16862
23734.7
57049.4
55520.2
58386.1
55879
57591
63144.6
30669.3
29900.7
29610.7
29346.1
31458.8
29932.5
31875.4
30598.5
29737
29146.4
15955.2
13188.1
13284.2
23086.8
13976.2
15088.5
5719.15
25356.7
48718.3
31949.3
16547.6
9849.36
15588
10459.8
5743.41
16135.2
20176.1
12414.3
16852.1
16856.9
25773.1
29442.5
16819.7
24226.9
19112.8
14236.2
20251
11204.4
13092.7
7931.38
7467.51
15081.4
5455.69
14105.1
24446.6
43748.9
35532.1
19623
16163.5
14157
13901.7
13863.2
11400.7
5536.05
19409.9
33568.7
41825.9
45301
49321
39620.3
36776.9
37709.9
34739.3
30827.6
29604.4
30852.4
30462.6
26362.7
23369.8
21726.7
19014.2
19037.2
17447.6
14678.9
11019.7
10037
7537.89
5949.52
6456.6
6124.06
5956.07
5808.43
5213.15
5129.13
5405.66
4888.85
4670.32
4223.17
26655.3
18646.3
17347.5
7332.2
38973.9
18289.3
27617.8
47287
26399
58949.5
55334.7
23152.1
10786.3
15478.8
42019.3
27994.1
22402.7
43228.9
39340.5
30673.1
25337.3
20554
16078.4
9710.01
5181.49
9914.81
16667.8
16878.4
18736.1
8660.45
5440.08
47120.3
50758.2
9543.87
7995.61
6406.46
22198
10769.1
11909.8
38090
33895.5
59663.5
50248
20646.7
13131.5
12791.7
12357.4
12059.5
7791.74
6162.07
5460.33
5625.78
5438.27
5181.91
5261.06
4498.49
7176.76
6028.75
36340.6
38156.6
32936.7
8971.28
18688.4
20373.1
14520.7
10214.3
26451.6
7202.44
33130
18638.1
23261.1
49736.1
23616.2
23413
13579.5
17643.7
20767.5
31707.2
52982.8
79240
68258.5
35302.7
31697.5
6709.92
14448.8
26865.5
29396.3
15104.4
40484
35262.8
7160.45
34508.1
40382.6
39977.9
31902.8
14810.2
7309.98
5847.19
12409.7
26897.3
8572.37
36104.4
16094.6
6904.67
5913.74
5573.28
11674.1
24697.8
62165.4
52685.1
19212.2
16138.6
15807.1
11476.9
7040.06
6318.42
6232.93
5275.07
44066.9
32722.2
30882.6
22216
11466.7
8136.77
8237.6
21686.6
19851.4
27469.7
28577.1
20601.8
18400.3
13947
12668.6
8367.98
6684.81
5920.19
29896.8
11031.1
17100.3
10402.9
33455.7
8519.58
8610.87
10614.6
11374.5
6372.9
28167.3
13453.7
5778.73
6008.42
30383.8
29351.7
6047.49
29036.7
44968.2
22118.2
15610.6
8027.78
6460.05
5898.87
16311.8
11847.4
67739.8
40641.1
25356.8
23043.7
20692.7
17979.2
17332
9785.69
7233.02
5739.38
20687.6
17465.8
10812.5
5443.42
15891.5
15658.3
25963.4
17172.8
7783.64
6465.14
9079.36
24703.2
15308.1
29948.4
29474.4
22837.8
12398.5
7509.77
28110.3
9508.31
23824.7
16517.1
7857.38
12246.9
39186.1
30992.7
18012.3
15152.8
14564.6
7313.19
5810.65
14904.3
13579.8
10647.2
28906.5
17826.8
25569.1
7860.04
9760.79
17947.6
10307
39442
26934.4
19589.9
16982.4
7367
6253.95
5575.96
13475
44143.4
63512
54500.6
33527
21239.5
31307.8
25787.8
25125
19782.8
14563.5
11331.3
9502.84
8161.21
8032.05
7915.13
7794.7
7407.19
16376.8
22507.8
23905.8
14746.7
22619
53927.1
24308.6
15285.7
6934.62
13139.3
9686.48
16829.6
8221.47
15720.5
13068.4
7483.6
22248.2
11441.6
9378.49
6307.52
33972.5
41230.6
18008.1
9951.7
5682.38
6049.68
14521.5
12406.6
12049.2
15711.3
11400.8
6126.81
28937
24090.9
17756
11172.8
10940.7
12260
9622.17
5900.91
32040.2
24154.5
18255.3
9624.83
5987.29
5658.53
16671.7
25875
9633.77
35761.6
20608.7
30608.3
23628.4
18468.3
16146.7
14955.6
12007.2
7567.45
5915.92
6519.05
14129.5
13129.9
16479
7293.73
6246.44
18209.5
9522.26
28273.7
17007.8
16482
20515.8
30970.9
7415.47
22921.1
22332.6
23497.2
26108.7
12113.5
5944.89
10826.6
8331.74
27964.2
36317.8
10130
5896.73
23876.7
34014.9
20231.6
26656.4
7023.99
25761.5
40788.1
32037.1
30595.4
11368.5
9257.62
5854.55
19713.2
19575
21679.6
21599.7
18358.1
20514
9507.44
31425.9
28316.4
27040.2
18905.3
13905
9422.47
6923.29
5937.02
5908.55
5786.4
5566.66
9250.01
20986
10168.6
14257.3
8667.41
9420.15
8960.39
11395.2
14734.9
21457.6
36145.6
26001.8
26449.7
17655.1
12934.8
9313.15
6104.65
6237.61
6114.84
5486.05
5228.88
20642.3
18765.6
14401.1
29786.4
34685.7
17606.9
6804.31
18775.1
9438.82
10236.9
12383.5
20870.4
21979.4
8892.58
6081.33
5588.23
15459.9
50266.8
9717.36
18740.3
21658.5
13725
8578.92
6466.78
6116.96
5788.68
18422.7
19188.3
6373.91
7429.14
30805.1
30983.6
31213.6
14313.3
58626.2
17954.4
6197.1
24603.9
21234.6
16573.3
10432
37431.4
17042.7
21990.8
11054.8
20333.4
19529.9
25289.8
8750.02
38898.3
25673.4
16946.9
10266.7
7388.6
6384.36
5559.66
5499.94
25631
9832.85
6655.04
48443
10003.7
6321.09
36782.7
41002.7
13185.9
9365.98
7682.24
6464.08
31248.6
13173.9
10332.4
9112.85
6025.62
16998.3
21431.9
12454.5
36019.3
35466.1
31903.1
32642.8
26079.8
19852.7
7113.75
6221.96
7371.69
7565.68
14936.8
17922.6
17908.9
35814.6
41271.6
17945
44055.2
24089.8
30377.5
47995
19318.9
19590
12992.9
21918.1
10567.9
23086.2
35852.8
23002.9
35131.7
36869.1
49943.2
18775.2
13991.5
22402.1
25500.8
50393.7
42582.4
30773.4
11426.2
53400.2
38382.4
23624.5
19689.5
14858.2
9094.19
6335.49
5986.88
10697.7
29430.1
28862.4
26681.6
12136
20262.9
26618.8
17067.3
8553.03
8385.37
30934.6
20655.8
39263.5
13223.4
23745.6
14571.3
14101.9
7756.38
11599.6
35816.3
14807.2
24624.6
18632.7
12299
16056.2
15913.9
11929.9
9143.92
16262.1
22268.3
13317.5
29007
7206.39
16419.1
26275.1
13118.7
16356.9
17608.5
29096.3
47219.1
27701.2
7383.34
12296
19403.1
28128.2
13942.6
16540.7
15272.4
26855.8
37041.7
21965.4
7249.38
30271.7
13838
11515.8
17422.7
19050.9
14028.5
26845
15597.9
37081.3
29562.5
13192
7611.39
28472.9
17280.3
21105.4
19601.2
13657
20544.3
18493.9
19563.8
26321.3
19652.6
24896.7
19369.7
37223.7
34649.6
40096.4
23677.9
35069.6
28086.7
27262.5
25320.1
20758.5
39237.8
37942
33489.6
27249.3
17138.4
40852.3
37109.7
17976.1
21799.4
24867.6
12173.2
13599.7
9032.83
13675.4
10591.5
41318.3
30130.2
15843.7
31166.3
13936.5
9189.78
9498.6
32063.5
14283.1
9529.68
6804.01
7876.7
25563.3
12450.5
19034
41582
34754.5
17032.7
37806.1
24415.5
33381.4
36372.7
16830.4
17723.6
16207.4
18634.3
40143.7
24637.9
24154.8
14618.5
27605.7
24437.4
16264.4
9074.58
7835.36
27069.3
29010.5
18430.2
11592
27303.3
17637.5
21149
23187.5
18253.9
37103.6
32604.6
25161.6
14988.8
33452.3
16776.4
32620.4
33493.5
54260.4
32501.2
23812.4
49476.9
37661.7
25473.3
29521.3
19956.8
11702.9
10414.6
9038.03
8596.15
21217.6
11598.4
15244.8
27532.2
25490.1
16435.9
38067.8
22668.8
13336.8
14566
24518.4
15106.3
23966.8
9981.02
8875.95
17713.3
10117
27783.1
29013.6
13555.8
10842.1
17483.5
7696.53
12936.4
9949.93
13240.6
19722.5
41745.6
9919.53
8067.82
32589.7
13352.7
23623.3
14513.8
23896.8
32802.1
23567.9
14764.6
24149
33481.5
48898.9
36850.8
21329.3
36783
26425.7
41074.9
16210.9
19820.9
25645.1
27821.4
32045.9
24094.4
27286.7
18683.4
17885.5
17923.6
28314.5
16080.7
13614.4
7328.05
12710
14172.5
9491.06
9662.04
8896.43
18354.2
13538
8620.01
23287.3
34474.8
15245.2
13066.2
11132.7
27121.5
28002.9
15077.3
9250.79
7522.82
7835.34
14208.2
15118.5
30729.4
15201.2
26218.8
22064
29562.6
18061.5
37701.9
51365.4
15135.4
22125.3
11948.8
23503.8
28287.4
15630.9
9528.72
10361.9
10389.4
15953.9
19107.9
9232.32
26832.1
15372.5
24231.5
17129.3
11105.5
13094.5
25704.6
28250.4
40868.8
20874.7
15701.3
14589.2
28779.3
27510.2
11224.2
21057.3
14840.5
16487.8
35612
19568.5
19786.9
10529.1
19418.9
16365.4
11122.7
28843.8
19331.2
32057.6
26278.7
23306.9
19488.5
17601.7
25433.6
22261.5
13116.3
15066.5
12044.8
20980.5
15731.2
16505.1
24058.3
21855.6
22234.3
20168.7
14190.9
38492.9
24319.6
14161.1
16189.2
26533.9
22639.7
33924.7
25725.8
13010.9
30978.5
27582.4
18354.2
22847.5
29376.3
11765.3
19620.5
14210.7
11108.8
26614.6
11185.9
14832.6
11442.7
11705.3
16523.1
29490.5
24141
26501.5
19134.1
16191
19339.3
16014.2
9699.88
7755.93
24170
18552.7
29748.2
16557
11734.1
7916.44
20390.3
14590.7
10303.1
18063.2
10733.6
8639.51
8035.84
8030.29
16582.3
14914.9
12919.6
18494.4
19579
14335.2
16699
25689.7
10682
24062.3
19749.9
34276.6
17318.1
18760.8
37221.2
18262.9
31463.2
11291.9
21817.3
19672.1
33153.3
24680.2
23647.4
16909.8
23665.9
23031
30885.1
28536.8
13021.4
22606.7
14221
26709.5
14526.9
23538.4
20910.4
13965.9
29612.7
30833.8
18029.9
16269.5
14385.8
23559.3
15982.6
16300.9
12412.7
13494.7
19517.8
14144.3
18608.1
25060.4
27149.8
24493.8
15907
43479.7
23099.6
27303.1
24764.4
17752.2
13087.6
26833
21827.1
18467
15898.8
14054.2
11021.5
15880.1
13702.4
18890.2
16441.9
27300.1
18076.4
29755.5
13418.1
10738.5
14144.3
17898.1
25756.1
21750.7
16432.2
11277.8
17772
16429.5
26306.9
15248.3
13889.3
28128.7
10310.9
19760.1
20139.2
27723
17382.5
31143.8
18061.3
12332.3
32287.6
42522.2
15555.3
11352.7
21995
25963.2
16242
20149.2
22885.7
46557.7
31329.2
32465.9
21290.8
32629.2
12956.7
14977.4
17617.3
21355.6
17361
27147
23776.7
44100.7
30200.2
23379.2
22798.7
21205.6
24813.8
21696.7
18470.4
19031.9
20046.1
21436.4
15518.3
19599.5
19138
25671.1
25751.8
27286.6
32706.1
28049.3
15212.7
21362.5
21542.2
18614.4
15276.4
25285.8
25997.2
24916
15552.9
10240.3
9303.84
12731.9
19111.5
29233.1
24814.2
25242.7
17338.8
17232
25968.9
22150.2
14462.4
16342.7
28222.2
11828.6
21413.9
20409.4
22561.3
25221.6
20621.3
28880.3
25092.2
21932.6
24254.5
30348.6
36373.1
27837
16453.2
25542.2
23785.1
13070.7
16153.9
21911.4
30954.6
23924.1
29763.4
21256.2
33957.1
30925.1
25203.7
44454.7
31272.2
43683.4
41569.8
38120.8
25139.8
31646.1
29466.6
31712.7
26200.1
26158.7
14641.8
34973.6
25320.6
20575.2
17552.2
19880.2
15593
26995.7
27518
19743.5
15572.5
17956.6
20560.3
24510.2
25981.6
23884.1
26286.4
23536.6
18643.8
17376.2
13656.8
15507.6
22764.4
23258.3
28850
28434
23454.4
26026
16282.1
17851.6
22108.9
22648
26751.1
12037.2
21626.7
27970.8
24821.2
27476.1
16646.6
19367.5
17709
25977.5
20293.7
17384.8
18116.8
19392.1
17958.3
13569.8
10946.6
10733.3
13707.3
13315.6
14504
26684.6
18598.4
15968.5
16292.6
22883.6
18992.8
24267.5
21674.5
20677.7
15637.3
27832.1
24798.2
25005.1
27168
26181.9
25767.1
22286.4
27659.2
27623.6
27697.6
26156.9
28889
18458.7
37502.3
27757.7
22250.3
17751.7
18496.3
13057.3
13201.7
28283.7
25295.6
25033.2
28740.3
26810.3
28265.9
23322.1
25235.3
19030.3
32493.4
27866.8
28146.7
22765.6
21195.7
20775.5
22307.9
24804.6
24512.4
20921.6
23148
20058.9
22466
24207.7
18023.5
25392.9
17877.4
24020.6
25255.4
26069.1
25605.7
23405.2
27387.9
21868
23121.4
18637.8
27999.6
25631.1
20992.9
24916.3
24969.2
25695.7
25547
19724.9
25404.8
20705.8
20565.8
22386
20636.1
22579.3
25733.1
21273.2
15779.3
18803
24216.3
26688.7
21965.7
28041.9
21445.6
23890.4
25568.3
22254.5
23153.8
19533
18377.9
25153
22025
24744.8
27254.4
16631.4
22864.5
16583.3
22621.9
23879
19722.7
19531
20585.6
21500.1
19290.2
17540.2
20030
17951.8
17166.2
18499.3
23726.3
22032.3
21307
20984.9
23849.6
20675.8
21019.6
19881.8
22342.6
17255.9
26765
21657.9
22995.4
19503.9
17403.8
17613.7
21561.2
18596.6
18761.1
22868.8
25959.7
23604.6
21107.7
19703.1
23629
20349.3
21334.9
22789
23042.9
18613.8
17314.6
18585.9
21456.8
20507.4
24685
18855
23718.9
22227.9
23998.2
23503.9
21700.6
23973.8
23205.1
21603.3
20787
20870.1
22283.4
21211.5
20353
19349.4
17430.4
19432.9
22641.7
25268.9
22546.8
22849.9
19521.5
21308.5
20910
21735.2
23171.1
21105.4
22758.8
20858.6
18993.4
23140.3
23985.5
22972.8
20730.1
24514.3
23196.2
22668.6
19600
22731
23144.6
23482.3
25625.6
22222.4
23626.6
22565.7
21173.5
22537.7
19898.6
20486.5
24111.4
20639.8
21045.6
21622.6
21790.8
21371.4
20701.1
20031.5
20116.6
19435.8
20378.3
20381.5
20699.7
18296.9
20886.3
20754.5
19769.1
20340.7
20729.7
24135.1
22910.9
21011.5
23282.8
23668.9
18797
23338
22949.5
22950.9
21584.5
22597.9
21024.5
20547.8
22869.8
23117.1
23487.5
23239.3
24003.2
27624.9
26937.5
26539.6
27289.9
25855.5
25993.9
23862.4
21997.5
25466.2
24220.4
25078.2
24711.1
23411.5
23548.9
24778.1
24827.4
28005.8
27803.5
20447.9
21047.1
22499.3
21197.3
20713.3
21946.6
22227
21265.1
20590.6
24380.3
18945.8
20380.5
21481.1
21254.6
21344.9
19363.6
20203.2
21797.2
19433.7
22378.8
20804
20975.6
24271.4
25801.3
25674.7
26710.7
26744.1
24762.6
22676.9
21725.9
26171.4
24068.4
21073.7
20979.7
20453.3
21908
23803.8
23348.7
23156.9
24484
23566.6
23150.6
20839.8
20054.3
24665
22428.5
24079.7
22397.2
22786.6
20911
21813.9
19692.6
18751.6
20990.1
22482.5
20923.2
20719.8
21023.4
21724.3
23315.5
22583.4
22981.8
22054.3
23360.4
23430.5
22682.3
22106.4
22460.5
21837.7
20603.8
19024.4
19420.2
20181.9
20218.2
19394
19371.4
20930.9
20027.1
20460.1
20028.6
20065.8
19817.6
20049.7
19218.5
19358.9
19468.2
20379.5
20622.9
19763.1
20732.6
20269.1
20927.5
20170.7
19669.2
19831.5
20317.7
19705.8
19965.1
21034.7
19840.3
19005.7
19375.6
20017.9
20250.5
19082.9
19476.3
19560.8
19850.8
19788.4
19743.7
19884.9
21006.3
18900.8
18907.1
20392.9
21342.5
21610.4
22231.5
20552.9
21963.6
22234.7
21329.7
21997.7
21123.2
21181.5
21350.3
21364.6
20582.9
20082.2
20414.4
19468.5
19263.5
18156.1
18427.5
18290.4
18698.3
18378.8
18332.4
18483.2
18083.4
18246.5
18303.1
18572.4
17858.3
18243.8
18588.3
18056.8
18361.6
18488.3
18431.5
18740.6
19011
18577.3
19874.2
20460.7
18728.4
18635.9
18744.1
18790.4
18608.9
18558.3
19129.7
19816
18768.2
18605.2
18725
18159.2
18266.6
18597.7
18691.4
18269.3
18138.1
18305.4
18240.7
17939.6
18130.8
18424
18679.6
18517.1
19106.5
19461.2
19385.5
20120.9
20665.2
20428.8
19912.5
19873
19843.4
19539.4
20502.5
20301
19554.8
19125.4
19229.1
18316.4
19464.2
21216.7
21584
21435.2
21267.4
21614.9
21312.2
21269.1
21324.9
20620.6
20979.7
18939.8
18569.6
18494.5
18669.2
18617.3
18558
20905.5
19830.4
19024.7
19197.2
18996.9
17804.6
20787
21491.1
21363.4
20938.6
21482.6
21868.4
21687.1
20944.5
20816
19779.5
19668.7
18793.1
19297.5
18721.5
18593.4
18366.2
18197.3
